1729.68	21.2961
1727.92	8568.12
1726.16	8688.91
1724.4	8639.35
1722.63	8748.69
1720.87	8862.21
1719.11	8862.26
1717.34	8988.42
1715.58	9018.17
1713.81	9088.97
1712.05	9171.05
1710.28	9299.78
1708.51	9424.19
1706.75	9409.9
1704.98	9570.95
1703.21	9638.6
1701.44	9807.95
1699.67	9800.61
1697.9	10067.2
1696.13	10167.1
1694.36	10386.9
1692.59	10390.6
1690.81	10467.7
1689.04	10505.3
1687.27	10809.3
1685.49	10839.7
1683.72	10765.8
1681.94	11169.3
1680.17	11125
1678.39	11301.6
1676.61	11565.3
1674.83	11399.9
1673.06	11555.1
1671.28	11763.7
1669.5	11740.3
1667.72	11834.9
1665.94	11904.1
1664.16	11948
1662.37	12007.4
1660.59	12329
1658.81	12370
1657.03	12481
1655.24	12484
1653.46	12494
1651.67	12639.9
1649.89	12704.5
1648.1	12823.6
1646.31	12850.3
1644.53	12728.7
1642.74	12847.7
1640.95	12755.5
1639.16	12814.3
1637.37	12853.5
1635.58	12715.4
1633.79	12619.1
1632	12693.3
1630.21	12724.1
1628.42	12563.8
1626.62	12545.8
1624.83	12699.3
1623.04	12445.8
1621.24	12380.5
1619.44	12373.8
1617.65	12230.6
1615.85	12144.6
1614.06	12040.5
1612.26	11954.6
1610.46	11984.1
1608.66	11678.7
1606.86	11574.9
1605.06	11575.3
1603.26	11442.5
1601.46	11424.9
1599.66	11181.2
1597.86	11187.3
1596.05	10989.6
1594.25	10990.2
1592.45	11006
1590.64	10954
1588.84	10706.7
1587.03	10492.8
1585.22	10551.7
1583.42	10430.7
1581.61	10309.8
1579.8	10262.2
1577.99	10195.3
1576.18	10067.7
1574.37	10068.6
1572.56	9952.07
1570.75	9988.88
1568.94	9927.69
1567.13	9775.48
1565.32	9970.91
1563.5	9726.41
1561.69	9601.98
1559.87	9593.36
1558.06	9569.58
1556.24	9726.2
1554.43	9457.39
1552.61	9443.32
1550.79	9555.79
1548.97	9402.81
1547.16	9333.77
1545.34	9266.15
1543.52	9323.58
1541.7	9277.98
1539.87	9143.17
1538.05	9163.52
1536.23	9105.66
1534.41	8961.43
1532.58	9096.99
1530.76	8936.41
1528.94	8903.35
1527.11	8882.64
1525.29	8885.22
1523.46	8823.47
1521.63	8915.01
1519.8	8832.76
1517.98	8783.38
1516.15	8676.61
1514.32	8617.75
1512.49	8752.91
1510.66	8550.66
1508.83	8622.95
1506.99	8587.38
1505.16	8622.77
1503.33	8568.12
1501.5	8514.86
1499.66	8482.09
1497.83	8491.57
1495.99	8416.6
1494.16	8521.41
1492.32	8336.21
1490.48	8387.91
1488.64	8375.64
1486.81	8344.33
1484.97	8338.87
1483.13	8378.26
1481.29	8348.34
1479.45	8394.49
1477.6	8224.73
1475.76	8342.82
1473.92	8220.68
1472.08	8363.11
1470.23	8304.76
1468.39	8177.33
1466.54	8464.6
1464.7	8243.73
1462.85	8358.82
1461	8441.35
1459.16	8464.28
1457.31	8464.19
1455.46	8378.91
1453.61	8411.29
1451.76	8523.38
1449.91	8486.8
1448.06	8504.25
1446.21	8286.78
1444.36	8428.45
1442.5	8346.06
1440.65	8484.92
1438.79	8232.68
1436.94	8453.7
1435.08	8458.98
1433.23	8437.33
1431.37	8384.71
1429.51	8250.02
1427.66	8326.68
1425.8	8327.95
1423.94	8146.34
1422.08	8218.92
1420.22	8140.94
1418.36	8182.57
1416.5	8175.82
1414.63	8238.89
1412.77	8331.44
1410.91	8277.69
1409.04	8069.74
1407.18	8217.22
1405.31	8167.58
1403.45	8198.36
1401.58	8320.19
1399.71	8341.52
1397.85	8431.1
1395.98	8218.22
1394.11	8444.21
1392.24	8420
1390.37	8374.42
1388.5	8402.36
1386.63	8435.63
1384.75	8414.12
1382.88	8434
1381.01	8500.58
1379.13	8545.77
1377.26	8653.6
1375.38	8434.74
1373.51	8495.89
1371.63	8522.36
1369.75	8638.04
1367.88	8544.62
1366	8756.03
1364.12	8687.91
1362.24	8611.85
1360.36	8733.95
1358.48	8692.48
1356.6	8778.59
1354.71	8754.39
1352.83	8655.86
1350.95	8800.29
1349.06	8781.41
1347.18	8925.7
1345.29	8745.02
1343.41	8913.08
1341.52	8809.38
1339.63	8783.9
1337.75	8566.42
1335.86	8707.84
1333.97	8628.16
1332.08	8695.37
1330.19	8745.34
1328.3	8586.4
1326.41	8681.3
1324.51	8675.74
1322.62	8490.56
1320.73	8495.63
1318.83	8574.59
1316.94	8537.39
1315.04	8481.76
1313.15	8513.18
1311.25	8578.84
1309.35	8367.77
1307.45	8544.08
1305.56	8475.36
1303.66	8325.08
1301.76	8244.63
1299.86	8475.98
1297.95	8178.58
1296.05	8351.95
1294.15	8275.54
1292.25	8339.73
1290.34	8373.67
1288.44	8441.72
1286.53	8184.29
1284.63	8202.51
1282.72	8316.44
1280.81	8257.25
1278.91	8363.22
1277	8214.97
1275.09	8250.16
1273.18	8146.56
1271.27	8149.03
1269.36	8154.11
1267.45	8174.88
1265.53	8287.15
1263.62	8207.23
1261.71	8213.58
1259.79	8204.26
1257.88	8240.64
1255.96	8207.81
1254.05	8249.38
1252.13	8172.23
1250.21	8079.49
1248.29	8151.03
1246.37	8103.95
1244.45	8043.88
1242.53	8129.68
1240.61	8003.26
1238.69	7984.91
1236.77	8126.56
1234.85	8112.09
1232.92	8156.11
1231	8154.62
1229.08	8062.22
1227.15	8204.89
1225.22	8180.02
1223.3	8288.81
1221.37	8173.13
1219.44	8226.09
1217.51	8255.68
1215.58	8268.4
1213.65	8171.01
1211.72	8254.97
1209.79	8272.86
1207.86	8255.79
1205.93	8355.15
1203.99	8277.29
1202.06	8355.89
1200.13	8422.8
1198.19	8452.21
1196.25	8426.06
1194.32	8397.35
1192.38	8428.02
1190.44	8342.56
1188.5	8453.18
1186.56	8534.07
1184.62	8545.31
1182.68	8602.92
1180.74	8722.3
1178.8	8456.68
1176.86	8725.31
1174.91	8611.67
1172.97	8675.58
1171.03	8887.28
1169.08	8745.42
1167.13	8795.08
1165.19	8815.17
1163.24	8873.75
1161.29	8913.04
1159.34	8918.95
1157.39	9003.08
1155.44	8865.35
1153.49	9123.74
1151.54	9114.18
1149.59	9232.7
1147.64	9104.04
1145.68	9172.57
1143.73	9281.98
1141.78	9317.14
1139.82	9325.42
1137.86	9336.25
1135.91	9391.79
1133.95	9392.37
1131.99	9452.95
1130.03	9472.65
1128.07	9423.44
1126.11	9399.76
1124.15	9469.18
1122.19	9600.99
1120.23	9518.67
1118.27	9701.32
1116.3	9649.57
1114.34	9660.22
1112.37	9812.08
1110.41	9728.54
1108.44	9825.61
1106.47	9780.25
1104.51	9812.42
1102.54	9985.55
1100.57	10065.9
1098.6	10024.3
1096.63	10081.7
1094.66	10113.7
1092.69	10160.9
1090.71	10223.3
1088.74	10379.3
1086.77	10346.6
1084.79	10519
1082.82	10649.5
1080.84	10337
1078.86	10485.2
1076.89	10501.8
1074.91	10630.8
1072.93	10486.9
1070.95	10653.7
1068.97	10657.6
1066.99	10645
1065.01	10730.9
1063.03	10828
1061.04	10853.2
1059.06	10889.7
1057.08	10795.2
1055.09	10924.9
1053.11	11015.5
1051.12	11192.9
1049.13	11034.3
1047.14	11157.4
1045.16	11223.9
1043.17	11188.6
1041.18	11363
1039.19	11109.1
1037.2	11100.2
1035.2	11162.8
1033.21	11035.9
1031.22	11157.5
1029.22	10995.6
1027.23	11103.3
1025.23	11068
1023.24	11242
1021.24	11223
1019.24	11276.6
1017.25	11175.1
1015.25	11224.9
1013.25	11339.7
1011.25	11367
1009.25	11289.3
1007.24	11488.9
1005.24	11301.3
1003.24	11498.2
1001.23	11464.2
999.23	11670.9
997.225	11595.8
995.219	11568
993.212	11598.8
991.205	11695.6
989.197	11718.8
987.188	11682.3
985.178	11918.3
983.168	11825.8
981.157	11861.4
979.146	12100.8
977.133	11891.5
975.12	11888.5
973.106	11963.8
971.092	11924.8
969.077	11858.5
967.061	11970.9
965.044	12110.4
963.027	11904.1
961.009	12026.3
958.99	12043.1
956.97	12056.1
954.95	12046.9
952.929	11913.9
950.907	12024.7
948.885	12275.1
946.862	12043.3
944.838	12111.9
942.814	12129.9
940.788	12193.4
938.762	12199
936.736	12251.4
934.708	12147.1
932.68	12331.4
930.651	12382.4
928.622	12474.1
926.591	12420.4
924.56	12642.4
922.528	12748.7
920.496	12676.5
918.463	12632.6
916.429	12558
914.394	12755.1
912.359	12648.5
910.322	13002.5
908.286	12834.7
906.248	12928.2
904.21	12982.5
902.171	13104.1
900.131	13012.4
898.09	13174.4
896.049	13124.3
894.007	13234.7
891.964	13294.8
889.921	13317
887.877	13521.3
885.832	13669.3
883.786	13840.4
881.74	14101.7
879.693	14261.5
877.645	14471.3
875.596	14322.1
873.547	14436.5
871.497	14314.2
869.446	14337.1
867.394	14133.3
865.342	14284.2
863.289	14118.3
861.235	14377.3
859.181	14370.9
857.126	14352.4
855.07	14370.3
853.013	14532.9
850.956	14470.5
848.897	14494.5
846.838	14624
844.779	14604.2
842.718	14646.2
840.657	14841.1
838.595	14778.7
836.533	14787.9
834.469	15072.1
832.405	15060.6
830.34	15166.6
828.274	15221.6
826.208	15306.8
824.141	15255.3
822.073	15326
820.004	15332.5
817.935	15519.1
815.865	15241.7
813.794	15442.6
811.722	15544.4
809.65	15641.3
807.577	15579
805.503	15760.2
803.428	15703.8
801.353	15786.1
799.277	15958.5
797.2	15998.5
795.122	16078.1
793.044	16265.9
790.964	16282.8
788.885	16224
786.804	16420
784.722	16601.4
782.64	16761
780.557	16776.5
778.473	16789.6
776.389	16773.9
774.304	17039.9
772.218	17001.3
770.131	17277.9
768.043	17184.2
765.955	17176.7
763.866	17568.9
761.776	17459.6
759.686	17623.1
757.594	17657.3
755.502	17595.8
753.409	17747.1
751.316	17794.3
749.221	18037.3
747.126	18072.4
745.03	18020.5
742.933	18102.1
740.836	18260
738.738	18359.3
736.639	18228.7
734.539	18397.1
732.438	18422.5
730.337	18761.9
728.235	18783.6
726.132	18757.6
724.028	18908.8
721.924	18848.4
719.819	18903.2
717.713	19124.2
715.606	19155.1
713.498	19553.8
711.39	19336.7
709.281	19576.2
707.171	19457.6
705.061	19902.9
702.949	19648.1
700.837	19911.9
698.724	19813.4
696.61	20054.5
694.496	19945.4
692.381	20217
690.264	20271
688.148	20378
686.03	20313.8
683.911	20575.4
681.792	20665.7
679.672	20739.4
677.552	20822.5
675.43	20992.8
673.308	21126.4
671.184	21112.7
669.061	20808.2
666.936	21200.6
664.81	21183.3
662.684	21196.6
660.557	21567.2
658.429	21647.3
656.3	21406.8
654.171	21637.1
652.041	21772.3
649.91	22016.4
647.778	22028.2
645.645	22252.1
643.512	22099.7
641.378	22125.5
639.243	22568
637.107	22745.8
634.97	22816.9
632.833	22903.1
630.695	22771.8
628.556	22917.6
626.416	22982.7
624.276	23140
622.134	23208.4
619.992	23542.8
617.849	23487.4
615.705	23605.7
613.561	23740.3
