1729.68	15.6171
1727.92	7811.4
1726.16	7959.39
1724.4	7989.52
1722.63	7819.64
1720.87	7905.09
1719.11	8051.44
1717.34	8235.96
1715.58	8298.53
1713.81	8389.39
1712.05	8424.97
1710.28	8495.91
1708.51	8668.67
1706.75	8712.61
1704.98	8880.95
1703.21	8852.7
1701.44	8971.43
1699.67	9107.03
1697.9	9215.71
1696.13	9238.21
1694.36	9341.13
1692.59	9666.9
1690.81	9596.14
1689.04	9755.24
1687.27	9725.38
1685.49	9906.88
1683.72	10003.7
1681.94	10214.6
1680.17	10221.2
1678.39	10364.3
1676.61	10469.4
1674.83	10527.9
1673.06	10568.2
1671.28	10637.9
1669.5	10960.5
1667.72	10962.6
1665.94	11181
1664.16	11025.8
1662.37	11217.4
1660.59	11351.3
1658.81	11314
1657.03	11412.7
1655.24	11476.4
1653.46	11694.1
1651.67	11710
1649.89	11776.2
1648.1	11752.9
1646.31	11851.3
1644.53	11851.7
1642.74	11754.2
1640.95	11695.9
1639.16	11764.9
1637.37	11875.7
1635.58	11878.8
1633.79	11767.5
1632	11705.2
1630.21	11740.5
1628.42	11595.9
1626.62	11659.1
1624.83	11635.8
1623.04	11317.2
1621.24	11558.7
1619.44	11156.7
1617.65	11176.8
1615.85	11080
1614.06	10979.1
1612.26	10796.1
1610.46	10625.8
1608.66	10625.2
1606.86	10584.3
1605.06	10430.9
1603.26	10373.4
1601.46	10268.7
1599.66	10164.1
1597.86	10184.4
1596.05	10120.1
1594.25	9899.21
1592.45	9884.93
1590.64	9751.52
1588.84	9579.42
1587.03	9507.11
1585.22	9443.14
1583.42	9434.56
1581.61	9412.15
1579.8	9156.08
1577.99	9309.31
1576.18	9162.6
1574.37	9210.75
1572.56	9137.34
1570.75	9039.14
1568.94	8874.75
1567.13	8863.6
1565.32	8944.86
1563.5	8772.38
1561.69	8788.84
1559.87	8876.92
1558.06	8766.61
1556.24	8736.23
1554.43	8719.63
1552.61	8703.04
1550.79	8627.31
1548.97	8473.25
1547.16	8466.38
1545.34	8399.04
1543.52	8367.46
1541.7	8455.38
1539.87	8329.07
1538.05	8234.41
1536.23	8374.41
1534.41	8233.16
1532.58	8282.58
1530.76	8155.16
1528.94	8042.89
1527.11	8129.3
1525.29	8093.78
1523.46	7873.5
1521.63	8083.03
1519.8	7953.17
1517.98	7879.47
1516.15	7917.91
1514.32	7859.29
1512.49	7894.97
1510.66	7833.67
1508.83	7801.07
1506.99	7596.53
1505.16	7727.75
1503.33	7738.86
1501.5	7721.33
1499.66	7788.31
1497.83	7720.36
1495.99	7573.44
1494.16	7618.62
1492.32	7635.18
1490.48	7642.2
1488.64	7573.03
1486.81	7531.11
1484.97	7580.3
1483.13	7572.37
1481.29	7548.15
1479.45	7555.17
1477.6	7435.93
1475.76	7528.49
1473.92	7509.73
1472.08	7405.54
1470.23	7512.93
1468.39	7431.84
1466.54	7501.21
1464.7	7630.13
1462.85	7589.7
1461	7641.34
1459.16	7541.39
1457.31	7625.48
1455.46	7490.44
1453.61	7493.38
1451.76	7488.2
1449.91	7503.29
1448.06	7498.11
1446.21	7595.54
1444.36	7418.93
1442.5	7486.63
1440.65	7435.6
1438.79	7580.11
1436.94	7592.42
1435.08	7568.35
1433.23	7476.95
1431.37	7361.36
1429.51	7389.89
1427.66	7450.68
1425.8	7550.44
1423.94	7469.95
1422.08	7190.55
1420.22	7509.34
1418.36	7407.43
1416.5	7524.5
1414.63	7355.53
1412.77	7408.11
1410.91	7455.29
1409.04	7395.14
1407.18	7292.13
1405.31	7466.62
1403.45	7411.88
1401.58	7469.69
1399.71	7445.78
1397.85	7423.22
1395.98	7479.62
1394.11	7586.81
1392.24	7632.42
1390.37	7588.44
1388.5	7585.91
1386.63	7547.31
1384.75	7570.17
1382.88	7706.47
1381.01	7737.26
1379.13	7669.31
1377.26	7689.42
1375.38	7700.18
1373.51	7760.25
1371.63	7640.41
1369.75	7729.75
1367.88	7813.71
1366	7853.68
1364.12	7691.4
1362.24	7845.76
1360.36	7848.45
1358.48	7853.8
1356.6	7812.64
1354.71	7837.91
1352.83	7819.35
1350.95	7816.73
1349.06	7791.55
1347.18	7812.81
1345.29	7861.9
1343.41	7961.33
1341.52	7872.52
1339.63	7891.07
1337.75	7801.02
1335.86	7924.16
1333.97	7979.72
1332.08	7674.09
1330.19	7830.21
1328.3	7823.6
1326.41	7661.06
1324.51	7707.36
1322.62	7638.73
1320.73	7735.18
1318.83	7715.41
1316.94	7559.77
1315.04	7613.93
1313.15	7552.03
1311.25	7571.89
1309.35	7523.22
1307.45	7469.32
1305.56	7452.31
1303.66	7374.77
1301.76	7418.33
1299.86	7440.81
1297.95	7356.77
1296.05	7279.36
1294.15	7425.38
1292.25	7388.72
1290.34	7207.63
1288.44	7325.96
1286.53	7278.86
1284.63	7322.31
1282.72	7272.62
1280.81	7297.68
1278.91	7386.94
1277	7311.07
1275.09	7303.36
1273.18	7311.35
1271.27	7319.34
1269.36	7261.91
1267.45	7369.29
1265.53	7386.4
1263.62	7314.63
1261.71	7382.69
1259.79	7279.62
1257.88	7371.14
1255.96	7419.53
1254.05	7260.45
1252.13	7278.84
1250.21	7324.6
1248.29	7393.79
1246.37	7229.71
1244.45	7279.35
1242.53	7166.2
1240.61	7316.04
1238.69	7340.86
1236.77	7390.39
1234.85	7447.67
1232.92	7316.45
1231	7284.07
1229.08	7319.25
1227.15	7318.05
1225.22	7301.27
1223.3	7180.7
1221.37	7413.02
1219.44	7411.78
1217.51	7363.88
1215.58	7347.1
1213.65	7484.48
1211.72	7413.29
1209.79	7474.18
1207.86	7497.5
1205.93	7527.27
1203.99	7401.84
1202.06	7491.08
1200.13	7626.78
1198.19	7513.07
1196.25	7454.97
1194.32	7701.55
1192.38	7652.45
1190.44	7635.63
1188.5	7611.09
1186.56	7719.34
1184.62	7733.43
1182.68	7737.22
1180.74	7731.98
1178.8	7760.22
1176.86	7883.66
1174.91	7847.5
1172.97	7808.79
1171.03	7869.09
1169.08	7885.66
1167.13	7942.04
1165.19	8071.58
1163.24	8116.3
1161.29	8187.93
1159.34	8104.28
1157.39	8138.68
1155.44	8228.18
1153.49	8107.43
1151.54	8286.55
1149.59	8206.85
1147.64	8237.3
1145.68	8208.85
1143.73	8483.64
1141.78	8407.81
1139.82	8374.21
1137.86	8416.05
1135.91	8470.63
1133.95	8507.29
1131.99	8486.46
1130.03	8639.23
1128.07	8589.03
1126.11	8556.72
1124.15	8714.4
1122.19	8698.63
1120.23	8696.88
1118.27	8842.88
1116.3	8813.07
1114.34	8729.83
1112.37	8908.74
1110.41	8844.59
1108.44	8894.92
1106.47	8833.36
1104.51	8954.8
1102.54	8959.31
1100.57	9003.17
1098.6	9057.15
1096.63	9041.31
1094.66	9106.65
1092.69	9216.32
1090.71	9118.05
1088.74	9133.88
1086.77	9386.54
1084.79	9276.91
1082.82	9488.84
1080.84	9224.89
1078.86	9416.45
1076.89	9357.53
1074.91	9607.05
1072.93	9546.84
1070.95	9532.13
1068.97	9661.37
1066.99	9695.86
1065.01	9610.46
1063.03	9817.73
1061.04	9751.25
1059.06	9831.02
1057.08	9886.8
1055.09	9791.39
1053.11	10005.8
1051.12	9987.17
1049.13	9896.86
1047.14	9972.62
1045.16	10255.8
1043.17	10267.3
1041.18	10091.5
1039.19	10006.4
1037.2	10158.5
1035.2	10016.9
1033.21	10132.6
1031.22	10091.4
1029.22	9936.14
1027.23	10048
1025.23	10187.2
1023.24	10231.3
1021.24	10156.3
1019.24	10083.9
1017.25	10345.6
1015.25	10295.6
1013.25	10287
1011.25	10470.9
1009.25	10383.5
1007.24	10354.8
1005.24	10413.6
1003.24	10536
1001.23	10411.2
999.23	10614.6
997.225	10585.9
995.219	10604.6
993.212	10706.8
991.205	10751.5
989.197	10858.5
987.188	10655.6
985.178	10992.7
983.168	10779.9
981.157	10947.6
979.146	10865.4
977.133	10862.8
975.12	10782
973.106	10888.7
971.092	10753.3
969.077	10952.9
967.061	10946.5
965.044	10869.5
963.027	10931.3
961.009	10962.1
958.99	10994.2
956.97	10904.8
954.95	11076.7
952.929	10905.8
950.907	11046.6
948.885	11103.2
946.862	11182
944.838	11131.1
942.814	11079
940.788	11103.5
938.762	11215.5
936.736	11179.4
934.708	11253.1
932.68	11107.4
930.651	11215.5
928.622	11448
926.591	11376.2
924.56	11425.1
922.528	11496.1
920.496	11589.1
918.463	11644
916.429	11507.1
914.394	11581.6
912.359	11711.4
910.322	11876.6
908.286	11669.9
906.248	11824
904.21	11964.5
902.171	11869.5
900.131	11821.1
898.09	12075.4
896.049	12013.5
894.007	11985.9
891.964	12083.2
889.921	12126.6
887.877	12299.6
885.832	12207.1
883.786	12219.9
881.74	12573.4
879.693	12450.4
877.645	12663.3
875.596	12512.3
873.547	12783.5
871.497	12771.6
869.446	12919.4
867.394	13017.1
865.342	13017.3
863.289	13040.6
861.235	13218.5
859.181	13166.3
857.126	13205.3
855.07	12970.7
853.013	13238.3
850.956	13469.3
848.897	13311.4
846.838	13432.9
844.779	13571.3
842.718	13527.5
840.657	13499.6
838.595	13790.6
836.533	13624.4
834.469	13995
832.405	13873.7
830.34	13851.8
828.274	13793.5
826.208	13922.8
824.141	13980.6
822.073	14080.8
820.004	14276.3
817.935	14227.6
815.865	14275.6
813.794	14292.1
811.722	14542.8
809.65	14537.5
807.577	14525
805.503	14665.6
803.428	14596.4
801.353	14712.8
799.277	14830.3
797.2	14986.2
795.122	14919.3
793.044	15028.2
790.964	15165.8
788.885	15138.7
786.804	15325.4
784.722	15358.3
782.64	15325
780.557	15613.5
778.473	15543
776.389	15634.5
774.304	15812.3
772.218	15959.9
770.131	15998.4
768.043	16097.9
765.955	15923.3
763.866	16245.4
761.776	16211.9
759.686	16392.5
757.594	16320.8
755.502	16500
753.409	16663.6
751.316	16574
749.221	16730.2
747.126	16769.4
745.03	16657.2
742.933	16955.1
740.836	16845.2
738.738	17158.3
736.639	17071.1
734.539	17112.4
732.438	17159.7
730.337	17405.6
728.235	17630
726.132	17580.7
724.028	17541
721.924	17648.6
719.819	17786.9
717.713	17819.6
715.606	18072.9
713.498	18088.8
711.39	18111.8
709.281	18222.5
707.171	18241.8
705.061	18525.3
702.949	18429.7
700.837	18523.5
698.724	18638.5
696.61	18674.2
694.496	18583.4
692.381	18746.7
690.264	18824.9
688.148	18897.1
686.03	19159.3
683.911	19223
681.792	19182.8
679.672	19331.4
677.552	19597.8
675.43	19386.6
673.308	19519.6
671.184	19651.4
669.061	19642.9
666.936	19974.5
664.81	19869.5
662.684	20006.7
660.557	20102.8
658.429	20029.5
656.3	20130.1
654.171	20345.7
652.041	20361.6
649.91	20443.2
647.778	20640.9
645.645	20680.1
643.512	20949
641.378	20941.2
639.243	20980.2
637.107	21292
634.97	21222
632.833	21397.8
630.695	21408.5
628.556	21753.5
626.416	21706.8
624.276	21995.4
622.134	21821.4
619.992	22198.4
617.849	22292.8
615.705	22212.2
613.561	22282
