1729.68	18.4566
1727.92	8064.11
1726.16	8182.22
1724.4	8137.08
1722.63	8160.05
1720.87	8356
1719.11	8256.98
1717.34	8444.27
1715.58	8577.61
1713.81	8719.35
1712.05	8607.6
1710.28	8780.38
1708.51	8808.74
1706.75	8910.62
1704.98	9076.07
1703.21	9076.03
1701.44	9237.08
1699.67	9359.88
1697.9	9379.52
1696.13	9584.08
1694.36	9713.7
1692.59	9809.39
1690.81	9813.34
1689.04	9863.81
1687.27	10076.3
1685.49	10195.7
1683.72	10437.6
1681.94	10448.4
1680.17	10599.9
1678.39	10672.5
1676.61	10877.3
1674.83	10888
1673.06	10922.5
1671.28	11173.4
1669.5	11148.8
1667.72	11263.2
1665.94	11158.5
1664.16	11281.3
1662.37	11412.4
1660.59	11535
1658.81	11695.4
1657.03	11721.2
1655.24	11892.6
1653.46	11860.8
1651.67	11957.8
1649.89	12029.6
1648.1	11899.8
1646.31	12015
1644.53	12076.9
1642.74	12074.4
1640.95	12045.4
1639.16	12316.8
1637.37	11967.9
1635.58	12038
1633.79	11993.7
1632	12034.5
1630.21	12065.6
1628.42	11909.7
1626.62	11883.5
1624.83	11757.1
1623.04	11824.4
1621.24	11640.9
1619.44	11779.2
1617.65	11382.9
1615.85	11301.3
1614.06	11279.6
1612.26	11192.5
1610.46	11122.2
1608.66	11007.4
1606.86	10767.7
1605.06	10814.2
1603.26	10478.9
1601.46	10625.4
1599.66	10483.2
1597.86	10341.2
1596.05	10278.2
1594.25	10101.6
1592.45	10145.5
1590.64	10000.9
1588.84	9909.03
1587.03	9853.22
1585.22	9855.58
1583.42	9654.55
1581.61	9708.14
1579.8	9573.65
1577.99	9371.51
1576.18	9415.47
1574.37	9303.3
1572.56	9655.18
1570.75	9286.23
1568.94	9263.91
1567.13	9070.53
1565.32	9091.04
1563.5	9139.11
1561.69	8915.63
1559.87	9050.52
1558.06	8918.11
1556.24	8938.63
1554.43	8932.98
1552.61	9018.14
1550.79	8909.3
1548.97	8790.9
1547.16	8788.04
1545.34	8739.84
1543.52	8796.07
1541.7	8741.02
1539.87	8661.3
1538.05	8559.67
1536.23	8463.59
1534.41	8374.43
1532.58	8410.09
1530.76	8455.32
1528.94	8351.17
1527.11	8329.28
1525.29	8323.82
1523.46	8315.63
1521.63	8269.13
1519.8	8163.84
1517.98	8125.62
1516.15	8127.06
1514.32	8095.71
1512.49	8154.54
1510.66	8191.48
1508.83	7930.77
1506.99	8067.38
1505.16	8126.14
1503.33	8013
1501.5	8017.2
1499.66	8022.75
1497.83	7983.33
1495.99	7919.42
1494.16	7979.46
1492.32	8035.38
1490.48	7956.54
1488.64	7924
1486.81	7964.92
1484.97	7943.27
1483.13	7852.33
1481.29	7822.58
1479.45	8008.78
1477.6	7863.6
1475.76	7759.22
1473.92	7924.91
1472.08	7694.44
1470.23	7838.34
1468.39	7865.58
1466.54	7802.01
1464.7	7993.14
1462.85	7917.39
1461	7958.1
1459.16	7985.24
1457.31	8222.05
1455.46	8239.62
1453.61	8250.42
1451.76	8181.48
1449.91	8158.51
1448.06	8184.18
1446.21	7831.8
1444.36	7903.44
1442.5	7923.77
1440.65	8016.91
1438.79	7869.99
1436.94	7828.3
1435.08	7825.71
1433.23	7754.42
1431.37	7704.72
1429.51	7722.36
1427.66	7601.39
1425.8	7691.69
1423.94	7643.42
1422.08	7665.08
1420.22	7717.63
1418.36	7731.19
1416.5	7700.42
1414.63	7660.28
1412.77	7677.86
1410.91	7735.68
1409.04	7746.52
1407.18	7644.74
1405.31	7709.21
1403.45	7803.11
1401.58	7706.76
1399.71	7570.3
1397.85	7779.26
1395.98	7687.02
1394.11	7786.12
1392.24	7816.95
1390.37	7780.93
1388.5	7826.44
1386.63	7886.61
1384.75	7885.31
1382.88	7929.4
1381.01	7946.77
1379.13	7956.13
1377.26	7962.8
1375.38	8153.45
1373.51	8013.46
1371.63	7953.49
1369.75	8008.1
1367.88	7964.15
1366	7914.9
1364.12	8004.05
1362.24	7952.16
1360.36	7934.88
1358.48	8178.11
1356.6	7962.78
1354.71	7998.63
1352.83	8087.56
1350.95	7999.9
1349.06	7968.02
1347.18	8148.4
1345.29	8030.3
1343.41	8087.26
1341.52	8003.71
1339.63	8076.53
1337.75	8031.44
1335.86	8006.23
1333.97	8015.45
1332.08	7950.58
1330.19	7954.52
1328.3	8050.99
1326.41	7983.52
1324.51	7978.19
1322.62	7846.08
1320.73	7883.04
1318.83	7803.84
1316.94	7876.41
1315.04	7795.94
1313.15	7846.05
1311.25	7577.16
1309.35	7781.46
1307.45	7668.2
1305.56	7656.39
1303.66	7609.06
1301.76	7709.11
1299.86	7644.69
1297.95	7572.41
1296.05	7600.09
1294.15	7659.27
1292.25	7727.61
1290.34	7790.65
1288.44	7702.69
1286.53	7560.99
1284.63	7645
1282.72	7738.14
1280.81	7649
1278.91	7647.72
1277	7668.7
1275.09	7664.79
1273.18	7527.35
1271.27	7723.71
1269.36	7573.26
1267.45	7705.39
1265.53	7624.33
1263.62	7677.94
1261.71	7576.04
1259.79	7628.32
1257.88	7536.94
1255.96	7598.33
1254.05	7452.23
1252.13	7518.82
1250.21	7677.93
1248.29	7524.12
1246.37	7520.26
1244.45	7520.3
1242.53	7597.16
1240.61	7621.9
1238.69	7520.42
1236.77	7487.94
1234.85	7482.78
1232.92	7671.29
1231	7562.13
1229.08	7503.69
1227.15	7459.58
1225.22	7568.66
1223.3	7677.66
1221.37	7473.98
1219.44	7630.92
1217.51	7623.12
1215.58	7542.77
1213.65	7553.14
1211.72	7677.45
1209.79	7628.22
1207.86	7723.95
1205.93	7818.32
1203.99	7688.92
1202.06	7832.35
1200.13	7776.68
1198.19	7777.89
1196.25	7775.22
1194.32	7914.55
1192.38	8098.95
1190.44	7920.73
1188.5	7818.71
1186.56	7879.19
1184.62	7955.09
1182.68	7975.54
1180.74	8008.86
1178.8	8021.55
1176.86	8171.93
1174.91	8108.66
1172.97	8337.35
1171.03	8190.49
1169.08	8187.67
1167.13	8066.65
1165.19	8378.52
1163.24	8453.94
1161.29	8235.42
1159.34	8426.3
1157.39	8528.56
1155.44	8346.12
1153.49	8429.11
1151.54	8436.45
1149.59	8687.11
1147.64	8570.17
1145.68	8532.65
1143.73	8759.99
1141.78	8680.22
1139.82	8734.75
1137.86	8773.9
1135.91	8897.35
1133.95	8799.76
1131.99	8933.32
1130.03	8965.96
1128.07	8745.96
1126.11	9133.2
1124.15	9104.54
1122.19	9088.63
1120.23	9060
1118.27	9174.03
1116.3	9102.09
1114.34	9231.3
1112.37	9214.09
1110.41	9182.91
1108.44	9411.12
1106.47	9308.71
1104.51	9410.93
1102.54	9380.98
1100.57	9538.97
1098.6	9510.26
1096.63	9533.6
1094.66	9745.89
1092.69	9635.99
1090.71	9816.42
1088.74	10010.6
1086.77	10106
1084.79	10055.6
1082.82	10154.6
1080.84	9991.63
1078.86	10117.2
1076.89	10030.2
1074.91	10062.1
1072.93	10176
1070.95	10056.3
1068.97	10220.7
1066.99	10130
1065.01	10293
1063.03	10281.9
1061.04	10277
1059.06	10241.9
1057.08	10405.9
1055.09	10433.7
1053.11	10501.9
1051.12	10723.5
1049.13	10724.7
1047.14	11055.5
1045.16	11007.7
1043.17	10923.4
1041.18	10819
1039.19	10870.5
1037.2	10731.1
1035.2	10689.6
1033.21	10589.3
1031.22	10693.4
1029.22	10707.2
1027.23	10571.8
1025.23	10665.9
1023.24	10620.8
1021.24	10738.5
1019.24	10575.7
1017.25	10648.3
1015.25	10722.1
1013.25	10542.1
1011.25	10835.8
1009.25	10798.3
1007.24	10760.7
1005.24	10839.3
1003.24	10855.5
1001.23	10845.4
999.23	10936.4
997.225	11058.4
995.219	10870.1
993.212	11200.1
991.205	10947.1
989.197	11202.2
987.188	11147.2
985.178	11388.3
983.168	11179.1
981.157	11086.9
979.146	11131.4
977.133	11284
975.12	11245.2
973.106	11077.4
971.092	11375
969.077	11321.3
967.061	11322.3
965.044	11336.9
963.027	11493.9
961.009	11423
958.99	11379.3
956.97	11348
954.95	11363.8
952.929	11337.5
950.907	11587
948.885	11580.4
946.862	11515.7
944.838	11656.1
942.814	11561.8
940.788	11646.6
938.762	11802.9
936.736	11543.3
934.708	11674.8
932.68	11801.3
930.651	11686.2
928.622	11717.8
926.591	11764.1
924.56	11854.7
922.528	11793.9
920.496	11915.1
918.463	11888.7
916.429	12065.1
914.394	12083
912.359	12075
910.322	12214.3
908.286	12212.4
906.248	12217.8
904.21	12418.3
902.171	12429.8
900.131	12415.5
898.09	12550.7
896.049	12560.9
894.007	12599.3
891.964	12642.5
889.921	12883.9
887.877	13175.2
885.832	13311.1
883.786	13900.3
881.74	14337.5
879.693	14602.3
877.645	14850.9
875.596	14817.5
873.547	14574.3
871.497	14250.8
869.446	13976.3
867.394	13779.9
865.342	13679.9
863.289	13621.4
861.235	13718.8
859.181	13615.3
857.126	13565.4
855.07	13697.9
853.013	13649.2
850.956	13882.4
848.897	13726.8
846.838	13860.3
844.779	13814
842.718	14049.3
840.657	14252.8
838.595	14191.9
836.533	14197.7
834.469	14163.5
832.405	14274.6
830.34	14400.2
828.274	14317.5
826.208	14398.3
824.141	14441.4
822.073	14449.5
820.004	14676.3
817.935	14626.3
815.865	14612.5
813.794	14725.5
811.722	14690
809.65	14799.3
807.577	14907.3
805.503	14917.5
803.428	14953.1
801.353	15093.4
799.277	15140.9
797.2	15360.5
795.122	15351.3
793.044	15318.1
790.964	15334.1
788.885	15537.7
786.804	15621
784.722	15833.9
782.64	15669.6
780.557	15810.3
778.473	15945
776.389	16157.4
774.304	16066.4
772.218	16163.6
770.131	16500.4
768.043	16446.4
765.955	16436.8
763.866	16530.2
761.776	16540.9
759.686	16609
757.594	16799
755.502	17029.4
753.409	16762.8
751.316	16932.2
749.221	17040.6
747.126	17187.1
745.03	17190.3
742.933	17331.9
740.836	17305.3
738.738	17583.7
736.639	17576
734.539	17576.7
732.438	17431.1
730.337	17679.3
728.235	17946.3
726.132	17982.5
724.028	17884.4
721.924	18111.9
719.819	18137.3
717.713	18226.8
715.606	18317.4
713.498	18462.5
711.39	18513.8
709.281	18530.7
707.171	18656.6
705.061	18742.1
702.949	18769.5
700.837	18840.7
698.724	18749.8
696.61	19029.1
694.496	19207.7
692.381	19280.9
690.264	19225.4
688.148	19463.9
686.03	19408.4
683.911	19590
681.792	19710.2
679.672	19667.5
677.552	20648.1
675.43	20270.4
673.308	20050.9
671.184	20147.1
669.061	20133.8
666.936	20462.8
664.81	20521.1
662.684	20334.8
660.557	20306.1
658.429	20550
656.3	20619.9
654.171	20719.1
652.041	20899.1
649.91	20930.1
647.778	20961
645.645	21187.7
643.512	21009.9
641.378	21478.8
639.243	21463.8
637.107	21719.2
634.97	21604.6
632.833	21934.6
630.695	21806
628.556	21862.2
626.416	22016.5
624.276	22127.4
622.134	22151.8
619.992	22385.1
617.849	22692.9
615.705	22532.9
613.561	22708.6
