1729.68	24.1355
1727.92	10875.2
1726.16	10911.5
1724.4	10929.4
1722.63	11046.5
1720.87	11138
1719.11	10995.6
1717.34	11352.1
1715.58	11213.9
1713.81	11404.4
1712.05	11355.5
1710.28	11431.2
1708.51	11525.2
1706.75	11756.4
1704.98	11756.9
1703.21	11842.2
1701.44	11934.6
1699.67	12021.2
1697.9	12240.5
1696.13	12288.9
1694.36	12403.6
1692.59	12423.6
1690.81	12660.9
1689.04	12713.3
1687.27	12743.1
1685.49	12972.9
1683.72	13046.3
1681.94	13216.8
1680.17	13232.3
1678.39	13319.6
1676.61	13515.1
1674.83	13567.1
1673.06	13645.7
1671.28	13831.1
1669.5	14012.2
1667.72	14094.8
1665.94	14003.3
1664.16	14147.6
1662.37	14159.9
1660.59	14378.5
1658.81	14473.5
1657.03	14468.8
1655.24	14622.6
1653.46	14672.6
1651.67	14761.7
1649.89	14764
1648.1	14762.1
1646.31	14884.7
1644.53	14839.4
1642.74	14798.3
1640.95	14679
1639.16	14883.9
1637.37	14855.4
1635.58	14845.1
1633.79	14748.2
1632	14677.9
1630.21	14816.9
1628.42	14695
1626.62	14688.9
1624.83	14716.2
1623.04	14556.8
1621.24	14394.8
1619.44	14306.6
1617.65	14467.7
1615.85	14354.5
1614.06	13968.7
1612.26	14117.2
1610.46	13987.5
1608.66	13896.8
1606.86	13695.1
1605.06	13583.7
1603.26	13634.9
1601.46	13494.5
1599.66	13318.1
1597.86	13365.1
1596.05	13175
1594.25	12903.2
1592.45	12935.1
1590.64	12777.1
1588.84	12692.7
1587.03	12608.3
1585.22	12548.9
1583.42	12515.8
1581.61	12627.9
1579.8	12572.7
1577.99	12274.2
1576.18	12277.1
1574.37	12140.6
1572.56	12258.2
1570.75	12073.3
1568.94	11934.2
1567.13	11922.1
1565.32	11919.6
1563.5	11901.9
1561.69	12964.8
1559.87	13838.2
1558.06	11678.3
1556.24	11812.2
1554.43	11754.6
1552.61	11591.2
1550.79	11525.6
1548.97	11521.8
1547.16	11379.2
1545.34	11341.2
1543.52	11396.6
1541.7	11364
1539.87	11238.1
1538.05	11102.7
1536.23	11125.2
1534.41	11158.6
1532.58	11079.5
1530.76	11178.7
1528.94	11079.2
1527.11	10981.1
1525.29	10851.5
1523.46	10854.8
1521.63	10819.8
1519.8	10626.1
1517.98	10773.1
1516.15	10727.2
1514.32	10502.3
1512.49	10669.6
1510.66	10608.8
1508.83	10724.1
1506.99	10657.8
1505.16	10388.3
1503.33	10474.9
1501.5	10586
1499.66	10511.6
1497.83	10430.5
1495.99	10390.3
1494.16	10406
1492.32	10320.9
1490.48	10399.2
1488.64	10277.4
1486.81	10382.8
1484.97	10391.6
1483.13	10446.7
1481.29	10204.1
1479.45	10271.4
1477.6	10247.7
1475.76	10190
1473.92	10154.1
1472.08	10240.3
1470.23	10341.3
1468.39	10412.4
1466.54	10358.9
1464.7	10239
1462.85	10415.7
1461	10474.5
1459.16	10452.1
1457.31	10340.5
1455.46	10562.9
1453.61	10493.2
1451.76	10381.6
1449.91	10503.8
1448.06	10597.6
1446.21	10576.5
1444.36	10513.6
1442.5	10597.9
1440.65	10505.3
1438.79	10512.6
1436.94	10602.2
1435.08	10472
1433.23	10372.9
1431.37	10325
1429.51	10348.5
1427.66	10261.7
1425.8	10189.7
1423.94	10104.3
1422.08	10224.6
1420.22	10154
1418.36	10070
1416.5	10125.8
1414.63	10233.8
1412.77	9996.92
1410.91	10162.6
1409.04	10151.2
1407.18	10118.3
1405.31	10267.8
1403.45	10094.2
1401.58	10128.3
1399.71	10205.3
1397.85	10244.7
1395.98	10226.6
1394.11	10140.3
1392.24	10281.3
1390.37	10184.3
1388.5	10380
1386.63	10241.6
1384.75	10342.4
1382.88	10346.9
1381.01	10488.9
1379.13	10481.4
1377.26	10578
1375.38	10623.7
1373.51	10377.6
1371.63	10494.1
1369.75	10637.1
1367.88	10544.3
1366	10664.6
1364.12	10481.4
1362.24	10674.7
1360.36	10482.3
1358.48	10506.7
1356.6	10544.4
1354.71	10413.4
1352.83	10541.3
1350.95	10719.6
1349.06	10712
1347.18	10684.6
1345.29	10628
1343.41	10791.4
1341.52	10802.4
1339.63	10664.9
1337.75	10666.6
1335.86	10689.5
1333.97	10655.5
1332.08	10653.2
1330.19	10619.2
1328.3	10482.1
1326.41	10573.8
1324.51	10559.6
1322.62	10372.5
1320.73	10548.6
1318.83	10277.1
1316.94	10475.5
1315.04	10515.5
1313.15	10368.2
1311.25	10318.6
1309.35	10402.1
1307.45	10340.6
1305.56	10335.8
1303.66	10298.1
1301.76	10328.8
1299.86	10296.4
1297.95	10206.1
1296.05	10281.5
1294.15	10254.4
1292.25	10224.7
1290.34	10258
1288.44	10339.8
1286.53	10151.3
1284.63	10090.1
1282.72	10259.8
1280.81	10235.4
1278.91	10072
1277	10128.9
1275.09	10027.2
1273.18	10042.1
1271.27	10229.8
1269.36	10142.6
1267.45	10120.8
1265.53	10232.5
1263.62	10202.8
1261.71	10121
1259.79	9942.54
1257.88	10192.4
1255.96	10204.6
1254.05	10122.9
1252.13	10124.6
1250.21	10125.1
1248.29	10072.1
1246.37	10089.5
1244.45	10219
1242.53	10051.4
1240.61	10010.3
1238.69	10116.1
1236.77	10121.8
1234.85	10179.4
1232.92	10254
1231	10210.2
1229.08	10189.8
1227.15	10191.5
1225.22	10116.6
1223.3	10204
1221.37	10269.3
1219.44	10038.8
1217.51	10082.1
1215.58	10284.6
1213.65	10203.4
1211.72	10299.6
1209.79	10562.7
1207.86	10402.6
1205.93	10327.8
1203.99	10440.7
1202.06	10408.7
1200.13	10522.7
1198.19	10544.9
1196.25	10488.3
1194.32	10515.7
1192.38	10709.6
1190.44	10633.6
1188.5	10548.7
1186.56	10729.5
1184.62	10781.2
1182.68	10792.9
1180.74	10887.1
1178.8	11005.7
1176.86	10901.5
1174.91	10982.6
1172.97	10951.9
1171.03	10950.7
1169.08	11043.3
1167.13	11027.9
1165.19	11207.7
1163.24	11171.8
1161.29	11259
1159.34	11334.7
1157.39	11164.1
1155.44	11469.2
1153.49	11385.8
1151.54	11472.8
1149.59	11658.4
1147.64	11610.8
1145.68	11733.5
1143.73	11567
1141.78	11697.3
1139.82	11853
1137.86	11855.3
1135.91	11777.1
1133.95	11977.4
1131.99	11931.1
1130.03	11929.5
1128.07	11899.9
1126.11	12181.4
1124.15	12202.7
1122.19	12245.6
1120.23	12354.8
1118.27	12276.6
1116.3	12392
1114.34	12385.2
1112.37	12569.2
1110.41	12389.3
1108.44	12407.9
1106.47	12465.8
1104.51	12545.4
1102.54	12585.5
1100.57	12831.2
1098.6	12744.2
1096.63	12647.2
1094.66	12770.9
1092.69	12889.4
1090.71	12969.8
1088.74	13076.8
1086.77	12882.3
1084.79	13037.3
1082.82	13191
1080.84	13105.4
1078.86	13295.6
1076.89	13303.6
1074.91	13348.2
1072.93	13226.1
1070.95	13356.6
1068.97	13460.5
1066.99	13652.7
1065.01	13572.2
1063.03	13730.2
1061.04	13560.2
1059.06	13725.6
1057.08	13902.2
1055.09	13753.8
1053.11	13779.2
1051.12	13977
1049.13	13626.1
1047.14	13963.4
1045.16	13993.7
1043.17	13991.3
1041.18	14178.7
1039.19	13974
1037.2	14023.1
1035.2	14116
1033.21	14055.9
1031.22	14077.3
1029.22	14289.2
1027.23	13965.9
1025.23	13959.7
1023.24	14244.1
1021.24	14210.3
1019.24	14274.1
1017.25	14190.3
1015.25	14271.6
1013.25	14231.5
1011.25	14201.5
1009.25	14395.2
1007.24	14278.9
1005.24	14343.8
1003.24	14562.2
1001.23	14569.5
999.23	14580.6
997.225	14677.7
995.219	14577.8
993.212	14656.1
991.205	14677
989.197	14686.8
987.188	14740.1
985.178	14795.8
983.168	14885.1
981.157	14820.2
979.146	14872.1
977.133	14767.5
975.12	14984.5
973.106	15057.4
971.092	14947.8
969.077	14912.8
967.061	14996.8
965.044	15079.5
963.027	15146
961.009	15128.2
958.99	15090.7
956.97	15257.4
954.95	15154.2
952.929	15205.7
950.907	15275.7
948.885	15282.7
946.862	15227.8
944.838	15077.9
942.814	15176.2
940.788	15352.3
938.762	15258
936.736	15338.9
934.708	15345.7
932.68	15271.2
930.651	15482.7
928.622	15426.6
926.591	15486.4
924.56	15738.1
922.528	15690.7
920.496	15702.3
918.463	15827
916.429	15831.2
914.394	15828
912.359	15845.7
910.322	15899
908.286	15908
906.248	15893.7
904.21	15913.8
902.171	16001.3
900.131	16173.3
898.09	15937.1
896.049	16154.3
894.007	16130.2
891.964	16002
889.921	16369.4
887.877	16402.7
885.832	16336.9
883.786	16458.1
881.74	16723.4
879.693	16622.2
877.645	16800.5
875.596	16893.4
873.547	16953.2
871.497	16892.2
869.446	17044.6
867.394	17121.3
865.342	17288.1
863.289	17283.1
861.235	17312.2
859.181	17353.4
857.126	17296.1
855.07	17460.1
853.013	17632.5
850.956	17428.1
848.897	17538.4
846.838	17773.7
844.779	17828
842.718	17622.5
840.657	17853.9
838.595	17726.2
836.533	18139.2
834.469	17967.8
832.405	18038.9
830.34	18170.4
828.274	18070.6
826.208	18226.2
824.141	18307.9
822.073	18161
820.004	18265.6
817.935	18481.3
815.865	18427.5
813.794	18525.8
811.722	18450.3
809.65	18520.8
807.577	18575.6
805.503	18614.7
803.428	18538
801.353	18775.8
799.277	18881
797.2	19155.8
795.122	18903.4
793.044	19144.3
790.964	19179.4
788.885	19166.4
786.804	19546.3
784.722	19494.8
782.64	19524.9
780.557	19654.6
778.473	19772.2
776.389	19962.9
774.304	19793.8
772.218	20155.7
770.131	20271.7
768.043	20191.3
765.955	20362.3
763.866	20551.1
761.776	20554.4
759.686	20588.7
757.594	20780.8
755.502	20805.5
753.409	20897
751.316	20921.6
749.221	21005.9
747.126	21227.3
745.03	21208.8
742.933	21340.5
740.836	21226.6
738.738	21514.3
736.639	21475.5
734.539	21870
732.438	21779.9
730.337	21913.5
728.235	21919.7
726.132	22021
724.028	22060.5
721.924	22240.1
719.819	22260.4
717.713	22546.6
715.606	22826.7
713.498	22456.5
711.39	22707.9
709.281	22858.4
707.171	22641.4
705.061	22963.6
702.949	23015.5
700.837	23002.3
698.724	22993.8
696.61	23111.9
694.496	23069.1
692.381	23520.3
690.264	23258.8
688.148	23700.2
686.03	23568.6
683.911	23901
681.792	23934.6
679.672	24168.7
677.552	23878
675.43	24017.7
673.308	24310.3
671.184	24170.6
669.061	24240.5
666.936	24378.6
664.81	24570.7
662.684	24387.6
660.557	24563.1
658.429	24753.7
656.3	25010
654.171	25054.7
652.041	25194.4
649.91	25193.3
647.778	25594.4
645.645	25733.8
643.512	25814.4
641.378	25907.9
639.243	25914.7
637.107	26469.2
634.97	26601
632.833	26515
630.695	26615.1
628.556	26775.8
626.416	26675.8
624.276	26914.7
622.134	26930.3
619.992	26917.9
617.849	26763.2
615.705	27212.7
613.561	27181.6
