1729.68	9.93817
1727.92	7692.14
1726.16	7638.63
1724.4	7778.11
1722.63	7777.09
1720.87	7905.09
1719.11	7942.3
1717.34	8034.74
1715.58	8010.96
1713.81	8295.92
1712.05	8226.77
1710.28	8331.73
1708.51	8467.76
1706.75	8425.49
1704.98	8531.7
1703.21	8664.7
1701.44	8872.51
1699.67	8845.7
1697.9	9074.49
1696.13	9058.92
1694.36	9293.15
1692.59	9380.5
1690.81	9655.38
1689.04	9574.77
1687.27	9788.8
1685.49	9698.34
1683.72	9847.4
1681.94	9965.37
1680.17	9973.48
1678.39	10119.5
1676.61	10116.3
1674.83	10277.6
1673.06	10413.5
1671.28	10653.4
1669.5	10793.3
1667.72	10746.3
1665.94	10894.5
1664.16	10888.3
1662.37	11180.9
1660.59	11131
1658.81	11225.7
1657.03	11369.3
1655.24	11208.7
1653.46	11380.3
1651.67	11436.8
1649.89	11494.8
1648.1	11509.3
1646.31	11542
1644.53	11714.6
1642.74	11633.9
1640.95	11661
1639.16	11711.8
1637.37	11649.3
1635.58	11514.3
1633.79	11524.6
1632	11514
1630.21	11461.4
1628.42	11402
1626.62	11442.9
1624.83	11418.4
1623.04	11406.4
1621.24	11236.9
1619.44	11191.6
1617.65	10961.1
1615.85	10985.4
1614.06	10762
1612.26	10671
1610.46	10634.2
1608.66	10401.4
1606.86	10480.1
1605.06	10143.4
1603.26	10091.5
1601.46	10118.8
1599.66	10000.4
1597.86	9938.88
1596.05	9985.6
1594.25	9788.31
1592.45	9818.42
1590.64	9628.23
1588.84	9494.94
1587.03	9375.58
1585.22	9333.81
1583.42	9217.34
1581.61	9214.36
1579.8	9180.97
1577.99	9014.9
1576.18	9079.69
1574.37	9000.78
1572.56	9112.49
1570.75	8840.35
1568.94	8849.91
1567.13	8876.02
1565.32	8742.13
1563.5	8717.24
1561.69	8659.28
1559.87	8542.12
1558.06	8620.61
1556.24	8569.63
1554.43	8590.25
1552.61	8528.29
1550.79	8528.27
1548.97	8466.38
1547.16	8276.68
1545.34	8268.49
1543.52	8289.16
1541.7	8241.14
1539.87	8243.95
1538.05	8157.55
1536.23	8021.82
1534.41	8146.76
1532.58	8035.79
1530.76	7955.05
1528.94	7945.6
1527.11	8003.28
1525.29	7956.86
1523.46	7913.2
1521.63	7799.77
1519.8	7793.12
1517.98	7835.71
1516.15	7760.7
1514.32	7780.03
1512.49	7740.6
1510.66	7686.17
1508.83	7672.73
1506.99	7559.68
1505.16	7734.57
1503.33	7500.17
1501.5	7514.08
1499.66	7675.18
1497.83	7571.84
1495.99	7592.51
1494.16	7568.23
1492.32	7554.86
1490.48	7510.2
1488.64	7427.48
1486.81	7444.08
1484.97	7539.51
1483.13	7441.91
1481.29	7463.92
1479.45	7374.54
1477.6	7328.68
1475.76	7395.48
1473.92	7553.15
1472.08	7439.45
1470.23	7241.75
1468.39	7425.06
1466.54	7470.04
1464.7	7391.73
1462.85	7438.04
1461	7442.36
1459.16	7544.1
1457.31	7501.03
1455.46	7428.23
1453.61	7325.74
1451.76	7300.35
1449.91	7393.86
1448.06	7533.22
1446.21	7382.23
1444.36	7470.21
1442.5	7343.62
1440.65	7380.3
1438.79	7561.23
1436.94	7340.38
1435.08	7544.1
1433.23	7311.27
1431.37	7228.06
1429.51	7410.08
1427.66	7430.5
1425.8	7350.01
1423.94	7449.78
1422.08	7233.56
1420.22	7395.11
1418.36	7185.78
1416.5	7272.02
1414.63	7237.39
1412.77	7351.74
1410.91	7334.54
1409.04	7305.28
1407.18	7361.85
1405.31	7379.5
1403.45	7362.31
1401.58	7333.07
1399.71	7360.09
1397.85	7364.33
1395.98	7357.86
1394.11	7435.67
1392.24	7490.69
1390.37	7484.18
1388.5	7556.51
1386.63	7425.76
1384.75	7519.42
1382.88	7492.89
1381.01	7659.86
1379.13	7506.56
1377.26	7576.07
1375.38	7532.21
1373.51	7656.3
1371.63	7696.37
1369.75	7692.46
1367.88	7611.34
1366	7658.04
1364.12	7702.04
1362.24	7734.04
1360.36	7597.16
1358.48	7639.81
1356.6	7643.89
1354.71	7731.65
1352.83	7710.47
1350.95	7673.37
1349.06	7753.07
1347.18	7702.71
1345.29	7705.43
1343.41	7799.61
1341.52	7664.48
1339.63	7775.83
1337.75	7814.26
1335.86	7732.21
1333.97	7757.4
1332.08	7693.94
1330.19	7793.18
1328.3	7698.01
1326.41	7597.63
1324.51	7544.87
1322.62	7579.3
1320.73	7501.5
1318.83	7529.33
1316.94	7347.36
1315.04	7558.54
1313.15	7372.73
1311.25	7462.5
1309.35	7390.15
1307.45	7280.97
1305.56	7364.09
1303.66	7287.9
1301.76	7348.59
1299.86	7190.9
1297.95	7214.77
1296.05	7229.41
1294.15	7263.76
1292.25	7323.04
1290.34	7373.09
1288.44	7259.01
1286.53	7268.36
1284.63	7197.69
1282.72	7128.37
1280.81	7118.09
1278.91	7279.48
1277	7143.39
1275.09	7317.76
1273.18	7192.22
1271.27	7164.92
1269.36	7267.14
1267.45	7199.28
1265.53	7310.58
1263.62	7157.8
1261.71	7227.22
1259.79	7203.87
1257.88	7221
1255.96	7163.73
1254.05	7058.22
1252.13	7239.72
1250.21	7213.78
1248.29	7230.88
1246.37	7262.29
1244.45	7250.69
1242.53	7219.58
1240.61	7181.98
1238.69	7098.86
1236.77	7242.11
1234.85	7056.31
1232.92	7144.88
1231	7081.37
1229.08	7325.74
1227.15	7088.22
1225.22	7131.23
1223.3	7246.87
1221.37	7289.79
1219.44	7180.97
1217.51	7257.58
1215.58	7347.1
1213.65	7307.02
1211.72	7373.15
1209.79	7409.46
1207.86	7258.11
1205.93	7483.29
1203.99	7338.48
1202.06	7395.43
1200.13	7379.97
1198.19	7432.98
1196.25	7434.3
1194.32	7465.32
1192.38	7511.79
1190.44	7505.34
1188.5	7496.31
1186.56	7622.65
1184.62	7572.35
1182.68	7496.31
1180.74	7698.5
1178.8	7673.96
1176.86	7801.3
1174.91	7695.7
1172.97	7752.2
1171.03	7784.24
1169.08	7676.18
1167.13	7726.21
1165.19	7954.71
1163.24	7919.87
1161.29	7927.41
1159.34	8000.37
1157.39	8095.07
1155.44	8049.97
1153.49	8048.47
1151.54	8091.82
1149.59	8218.37
1147.64	8028.61
1145.68	8224.21
1143.73	8149.72
1141.78	8178.87
1139.82	8320.52
1137.86	8384.1
1135.91	8253.43
1133.95	8282.5
1131.99	8296.23
1130.03	8502.67
1128.07	8421.89
1126.11	8424.08
1124.15	8482.35
1122.19	8589.02
1120.23	8667.58
1118.27	8552.49
1116.3	8541.88
1114.34	8664.92
1112.37	8602.11
1110.41	8767.01
1108.44	8757.61
1106.47	8821.92
1104.51	8707.05
1102.54	8814.52
1100.57	8783.52
1098.6	8842.65
1096.63	8849.72
1094.66	8945.57
1092.69	8894.28
1090.71	8946.94
1088.74	9035.05
1086.77	9099.03
1084.79	9138.9
1082.82	9282.54
1080.84	9055.35
1078.86	9286.18
1076.89	9202.02
1074.91	9364.38
1072.93	9251.18
1070.95	9288.37
1068.97	9288.91
1066.99	9480.03
1065.01	9398.49
1063.03	9580.61
1061.04	9578.52
1059.06	9537.35
1057.08	9557.95
1055.09	9666.7
1053.11	9806.85
1051.12	9817.26
1049.13	9699.32
1047.14	9953.76
1045.16	9746.58
1043.17	9932.95
1041.18	9813.87
1039.19	9833.04
1037.2	9849.67
1035.2	9949.13
1033.21	9964.46
1031.22	9856.85
1029.22	9919.84
1027.23	9960.22
1025.23	9949.2
1023.24	10062.2
1021.24	9828.26
1019.24	10011.3
1017.25	10070.3
1015.25	10054.3
1013.25	10018.2
1011.25	10102.2
1009.25	10111.1
1007.24	10217.4
1005.24	10100.2
1003.24	10160.3
1001.23	10311.4
999.23	10315.3
997.225	10382.7
995.219	10440.1
993.212	10465.1
991.205	10437.7
989.197	10579.7
987.188	10460.2
985.178	10666.7
983.168	10651.8
981.157	10628.1
979.146	10676.5
977.133	10625.6
975.12	10584.5
973.106	10567.1
971.092	10714.8
969.077	10652.7
967.061	10761.8
965.044	10668.7
963.027	10842.1
961.009	10829.6
958.99	10770
956.97	10854.1
954.95	10782.2
952.929	10664.5
950.907	10976.1
948.885	10802.8
946.862	10937.4
944.838	10814.9
942.814	10958
940.788	11041.7
938.762	10744.1
936.736	10932.7
934.708	11070.6
932.68	10996.4
930.651	11060.3
928.622	11063.7
926.591	11166.9
924.56	11175.2
922.528	11176.2
920.496	11334.5
918.463	11406.7
916.429	11386.7
914.394	11362.9
912.359	11403.1
910.322	11476.4
908.286	11593.8
906.248	11556.5
904.21	11549.9
902.171	11792.2
900.131	11704.7
898.09	11766.6
896.049	11761.2
894.007	11682.3
891.964	11903.3
889.921	11886.8
887.877	11815.3
885.832	12051.9
883.786	12134.3
881.74	12186.2
879.693	12311.2
877.645	12309.2
875.596	12522
873.547	12445.6
871.497	12602.1
869.446	12721.9
867.394	12768.5
865.342	12655.5
863.289	12711.8
861.235	12893.5
859.181	12857.2
857.126	12919.5
855.07	13034
853.013	12934.5
850.956	13093.8
848.897	13290.7
846.838	13230.1
844.779	13364.9
842.718	13343.1
840.657	13420.8
838.595	13533.5
836.533	13509.2
834.469	13534.6
832.405	13521.3
830.34	13595.1
828.274	13757.2
826.208	13759.5
824.141	13856.1
822.073	13739.8
820.004	13901.6
817.935	13980
815.865	13947.1
813.794	14080.9
811.722	14108.4
809.65	14159.9
807.577	14234.4
805.503	14376.3
803.428	14221.7
801.353	14474.3
799.277	14494.3
797.2	14450.5
795.122	14648.6
793.044	14699.8
790.964	14797.9
788.885	14792.5
786.804	15101.9
784.722	15025.6
782.64	15146.1
780.557	15222.2
778.473	15309.1
776.389	15429.4
774.304	15496.9
772.218	15490.1
770.131	15621
768.043	15736.3
765.955	15691
763.866	16000
761.776	15910.4
759.686	15934.5
757.594	16042.3
755.502	16277.8
753.409	16226.4
751.316	16390.1
749.221	16392.4
747.126	16479.5
745.03	16648.8
742.933	16466.2
740.836	16597.3
738.738	16771.1
736.639	16680.4
734.539	16873.1
732.438	17032.3
730.337	16965.4
728.235	17021
726.132	17276.3
724.028	17387.6
721.924	17249.4
719.819	17310.7
717.713	17401.7
715.606	17617.2
713.498	17640.4
711.39	17745.4
709.281	17996.1
707.171	18003.7
705.061	17984
702.949	18047.2
700.837	18174.3
698.724	18373.5
696.61	18498
694.496	18376.5
692.381	18564.7
690.264	18524.8
688.148	18699.8
686.03	18790.9
683.911	18884.3
681.792	18807.7
679.672	19113.3
677.552	19253.5
675.43	19082.6
673.308	19339.4
671.184	19665.5
669.061	19455.8
666.936	19563.9
664.81	19677.8
662.684	19510.6
660.557	19763.1
658.429	19950.8
656.3	19880
654.171	19985.3
652.041	20003.7
649.91	20334.1
647.778	20362.9
645.645	20588.6
643.512	20416.9
641.378	20521.8
639.243	20674.6
637.107	20946.7
634.97	20974
632.833	21120.6
630.695	21113.9
628.556	21270.8
626.416	21491.9
624.276	21518.9
622.134	21693
619.992	21670.9
617.849	21652.3
615.705	21928.8
613.561	21949.7
