1729.68	9.93817
1727.92	8157.82
1726.16	8172.28
1724.4	8227.89
1722.63	8242.32
1720.87	8380.11
1719.11	8320.77
1717.34	8483.95
1715.58	8563.44
1713.81	8674.04
1712.05	8754.83
1710.28	8761.98
1708.51	8852.6
1706.75	9002.56
1704.98	9141.11
1703.21	9280.99
1701.44	9263.93
1699.67	9424.86
1697.9	9361.16
1696.13	9603.84
1694.36	9693.95
1692.59	9792.46
1690.81	9896.55
1689.04	10013.3
1687.27	10120
1685.49	10139.4
1683.72	10350.3
1681.94	10309
1680.17	10488.7
1678.39	10572.6
1676.61	10785.9
1674.83	10765.6
1673.06	10992.8
1671.28	10871.2
1669.5	11067.3
1667.72	11024.4
1665.94	11421.1
1664.16	11212.5
1662.37	11277.7
1660.59	11504.2
1658.81	11677.2
1657.03	11552.9
1655.24	11582.9
1653.46	11937.8
1651.67	11949.4
1649.89	11944.2
1648.1	11887.2
1646.31	12006.6
1644.53	12051.7
1642.74	11959.8
1640.95	11995.1
1639.16	12311.3
1637.37	12034.9
1635.58	12110.7
1633.79	11886.2
1632	11957.8
1630.21	11881.4
1628.42	11845.5
1626.62	11813.8
1624.83	11815.6
1623.04	11523.4
1621.24	11536.4
1619.44	11678.9
1617.65	11504
1615.85	11362.5
1614.06	11402
1612.26	11107.7
1610.46	11111
1608.66	11049.1
1606.86	10792.7
1605.06	10836.4
1603.26	10669.1
1601.46	10589.3
1599.66	10463.8
1597.86	10479.9
1596.05	10357.2
1594.25	10254.1
1592.45	10184.3
1590.64	10176.8
1588.84	9933.96
1587.03	9756.31
1585.22	9818.21
1583.42	9747.25
1581.61	9699.84
1579.8	9700.85
1577.99	9639.67
1576.18	9523.24
1574.37	9337.83
1572.56	9479.8
1570.75	9380.1
1568.94	9303.93
1567.13	9216.76
1565.32	9219.3
1563.5	9250.78
1561.69	9149.93
1559.87	8996.78
1558.06	9014.53
1556.24	9079.07
1554.43	9051.35
1552.61	9034.65
1550.79	8887.29
1548.97	8845.9
1547.16	8771.54
1545.34	8763.2
1543.52	8796.07
1541.7	8801.45
1539.87	8673.65
1538.05	8545.94
1536.23	8550.02
1534.41	8595.24
1532.58	8493.72
1530.76	8452.58
1528.94	8462.16
1527.11	8453.92
1525.29	8225.23
1523.46	8321.11
1521.63	8333.44
1519.8	8254.12
1517.98	8202.19
1516.15	8144.83
1514.32	8221.44
1512.49	8214.65
1510.66	8113.63
1508.83	8029.07
1506.99	8177.93
1505.16	8085.21
1503.33	7892.98
1501.5	8014.47
1499.66	8013.21
1497.83	8058.27
1495.99	7976.63
1494.16	8027.12
1492.32	8019.04
1490.48	7989.2
1488.64	7894.07
1486.81	7967.64
1484.97	7954.15
1483.13	7860.48
1481.29	7868.77
1479.45	7928.65
1477.6	7721.04
1475.76	7821.65
1473.92	7900.48
1472.08	7809.72
1470.23	7868.17
1468.39	7879.13
1466.54	7764.07
1464.7	7979.6
1462.85	7902.49
1461	8085.34
1459.16	7975.77
1457.31	8028.6
1455.46	7989.44
1453.61	8043.58
1451.76	7950.38
1449.91	8140.95
1448.06	8074.78
1446.21	7974.91
1444.36	7950.68
1442.5	8027.65
1440.65	7869.89
1438.79	8000.77
1436.94	8021.04
1435.08	7968.53
1433.23	7972.63
1431.37	7812.44
1429.51	7799.09
1427.66	7875.9
1425.8	7758.94
1423.94	7849.16
1422.08	7736.32
1420.22	7674.63
1418.36	7752.69
1416.5	7763.54
1414.63	7838.83
1412.77	7817.44
1410.91	7710.19
1409.04	7721.04
1407.18	7923.6
1405.31	7719.93
1403.45	7773.63
1401.58	7875.52
1399.71	7696.16
1397.85	7902.4
1395.98	7743.22
1394.11	7981.4
1392.24	7949.33
1390.37	7893.21
1388.5	7965.41
1386.63	7853.21
1384.75	7906.68
1382.88	8169.69
1381.01	8068.21
1379.13	7958.8
1377.26	8052.15
1375.38	8060.13
1373.51	7973.48
1371.63	8064.07
1369.75	8146.61
1367.88	8173.17
1366	8099.9
1364.12	8147.74
1362.24	8050.59
1360.36	8037.25
1358.48	8134.24
1356.6	8147.46
1354.71	8233.72
1352.83	8163.25
1350.95	8167.15
1349.06	8303.73
1347.18	8213.4
1345.29	8222.57
1343.41	8248.98
1341.52	8341.61
1339.63	8265.95
1337.75	8240.66
1335.86	8149.2
1333.97	8186.16
1332.08	8221.77
1330.19	8175.36
1328.3	8251.93
1326.41	8152.68
1324.51	8180.32
1322.62	8021.73
1320.73	8041.47
1318.83	7991.25
1316.94	7987.23
1315.04	7944.97
1313.15	7966.03
1311.25	7875.03
1309.35	7918.49
1307.45	7951.38
1305.56	7922.36
1303.66	7888.09
1301.76	7789.38
1299.86	7806.47
1297.95	7770.96
1296.05	7852.46
1294.15	7806.44
1292.25	7663.25
1290.34	7698.74
1288.44	7818.21
1286.53	7911.35
1284.63	7673.86
1282.72	7702.73
1280.81	7763.05
1278.91	7706.69
1277	7735.51
1275.09	7696.22
1273.18	7764.3
1271.27	7619.02
1269.36	7638.67
1267.45	7642.62
1265.53	7749.84
1263.62	7649.19
1261.71	7675.33
1259.79	7563.02
1257.88	7782.39
1255.96	7617.91
1254.05	7542.25
1252.13	7565.77
1250.21	7636.21
1248.29	7515
1246.37	7512.44
1244.45	7519
1242.53	7611.48
1240.61	7610.19
1238.69	7556.85
1236.77	7589.39
1234.85	7494.48
1232.92	7718.09
1231	7673.87
1229.08	7677.74
1227.15	7603.71
1225.22	7815.28
1223.3	7573.86
1221.37	7643.9
1219.44	7647.77
1217.51	7752.74
1215.58	7643.84
1213.65	7721.53
1211.72	7654.14
1209.79	7810.74
1207.86	7633.37
1205.93	7886.88
1203.99	7707.02
1202.06	7814.25
1200.13	7907.2
1198.19	7826.98
1196.25	7852.7
1194.32	7957.15
1192.38	7898.93
1190.44	7928.47
1188.5	7914.14
1186.56	7885.63
1184.62	8056.9
1182.68	7963.95
1180.74	8086.13
1178.8	8044.72
1176.86	8164.21
1174.91	8261.75
1172.97	8168.88
1171.03	8239.34
1169.08	8181.24
1167.13	8267.07
1165.19	8191.02
1163.24	8527.12
1161.29	8298.3
1159.34	8481.47
1157.39	8405.44
1155.44	8417.92
1153.49	8462.43
1151.54	8550.47
1149.59	8532.15
1147.64	8516.4
1145.68	8594.08
1143.73	8722.89
1141.78	8652.09
1139.82	8716.85
1137.86	8754.73
1135.91	8685.27
1133.95	8863.62
1131.99	8874.59
1130.03	8941.71
1128.07	8827.61
1126.11	8860.27
1124.15	8926.04
1122.19	9007.06
1120.23	9100.77
1118.27	9050.49
1116.3	9086.81
1114.34	8984.38
1112.37	9093.22
1110.41	9146.03
1108.44	9305.59
1106.47	9245.16
1104.51	9227.97
1102.54	9311.13
1100.57	9296.46
1098.6	9350.34
1096.63	9399.1
1094.66	9485.88
1092.69	9577.67
1090.71	9609.82
1088.74	9663.49
1086.77	9708.25
1084.79	9722.59
1082.82	9805.26
1080.84	9636.1
1078.86	9849.01
1076.89	9810.17
1074.91	9770.09
1072.93	9913.24
1070.95	9921.15
1068.97	10028.8
1066.99	10034.1
1065.01	10110.1
1063.03	10086.4
1061.04	10225.3
1059.06	10247
1057.08	10335.3
1055.09	10179.3
1053.11	10285.3
1051.12	10538.4
1049.13	10388.8
1047.14	10404
1045.16	10430.6
1043.17	10599.1
1041.18	10455.9
1039.19	10501.2
1037.2	10418.4
1035.2	10556.6
1033.21	10365.9
1031.22	10435
1029.22	10425.1
1027.23	10446.5
1025.23	10450.4
1023.24	10604.5
1021.24	10454.3
1019.24	10582
1017.25	10495.7
1015.25	10500.8
1013.25	10493.3
1011.25	10670.8
1009.25	10483.4
1007.24	10637.1
1005.24	10648.3
1003.24	10766.9
1001.23	10806.7
999.23	10756.8
997.225	10935
995.219	10984.7
993.212	10825.1
991.205	10891
989.197	11072.7
987.188	11067.5
985.178	11175.6
983.168	11072.1
981.157	11117.9
979.146	11179.9
977.133	11193.3
975.12	11225.3
973.106	11272.3
971.092	11048.6
969.077	11199.8
967.061	11114
965.044	11158.4
963.027	11285.8
961.009	11165.3
958.99	11215.8
956.97	11094.2
954.95	11155.9
952.929	11299.1
950.907	11348.3
948.885	11391.2
946.862	11339
944.838	11452.3
942.814	11590.2
940.788	11535.5
938.762	11500.5
936.736	11639.5
934.708	11567.6
932.68	11618.9
930.651	11512.5
928.622	11600.8
926.591	11767.8
924.56	11790.7
922.528	11792.6
920.496	11768.7
918.463	11806.3
916.429	11898
914.394	11888.8
912.359	12039.3
910.322	13057.8
908.286	12144.9
906.248	13590.8
904.21	14013.9
902.171	15341.7
900.131	12724.4
898.09	12243.2
896.049	12222.9
894.007	12244.2
891.964	12359.8
889.921	12382.3
887.877	12582.1
885.832	12803.7
883.786	13046
881.74	13096.3
879.693	13263.8
877.645	13664.3
875.596	13504.4
873.547	13610.6
871.497	13309.4
869.446	13350.9
867.394	13376.6
865.342	13223.1
863.289	13240.3
861.235	13421.8
859.181	13307.4
857.126	13337.9
855.07	13482.7
853.013	13592.1
850.956	13662.5
848.897	13612.6
846.838	13803.2
844.779	13730.3
842.718	13811.4
840.657	13817.4
838.595	13966.4
836.533	13874.1
834.469	13978.1
832.405	14011.8
830.34	14047.9
828.274	14128.7
826.208	14135.7
824.141	14217.7
822.073	14187.1
820.004	14389.9
817.935	14526
815.865	14489.3
813.794	14431
811.722	14564.5
809.65	14521.8
807.577	14656.5
805.503	14821.1
803.428	14748.2
801.353	14860.9
799.277	14824.2
797.2	14951.3
795.122	15024
793.044	15235.1
790.964	15252.4
788.885	15355
786.804	15392.7
784.722	15359.5
782.64	15401.9
780.557	15576.3
778.473	15665.4
776.389	15868.4
774.304	15794.3
772.218	15862.8
770.131	16157.7
768.043	15980.6
765.955	16153.1
763.866	16192.7
761.776	16210.7
759.686	16446.3
757.594	16435.6
755.502	16625.5
753.409	16577.6
751.316	16644.4
749.221	16772
747.126	16861.3
745.03	16706.1
742.933	16775.1
740.836	17171.8
738.738	17198.8
736.639	17109.2
734.539	17332.7
732.438	17447.7
730.337	17383
728.235	17519.4
726.132	17768.5
724.028	17603.9
721.924	17806.6
719.819	17883.1
717.713	17946.6
715.606	18145.3
713.498	18068.6
711.39	18008.6
709.281	18461.9
707.171	18340.2
705.061	18512.3
702.949	18613.2
700.837	18508.1
698.724	18546.3
696.61	18757
694.496	18805.7
692.381	19057.6
690.264	18986.7
688.148	19010.4
686.03	19240.7
683.911	19174.6
681.792	19256
679.672	19478.8
677.552	19507
675.43	19650.6
673.308	19803.5
671.184	19903.4
669.061	19566.4
666.936	19899.2
664.81	20020
662.684	20043.2
660.557	20085.1
658.429	20322
656.3	20104.3
654.171	20349.2
652.041	20449.7
649.91	20702.5
647.778	20666.7
645.645	20640.2
643.512	20731
641.378	20772.5
639.243	21016.5
637.107	21274.4
634.97	21303.9
632.833	21529.9
630.695	21606.1
628.556	21766.4
626.416	21879.8
624.276	21710.4
622.134	21984.9
619.992	22008.2
617.849	22346.4
615.705	22032.6
613.561	22217.9
