1729.68	9.93817
1727.92	9926.81
1726.16	9949.24
1724.4	10038.3
1722.63	9906.1
1720.87	10264.6
1719.11	10223.1
1717.34	10370.1
1715.58	10342.7
1713.81	10549
1712.05	10435.3
1710.28	10734.9
1708.51	10663.6
1706.75	10938.8
1704.98	10934
1703.21	11070.5
1701.44	11250.7
1699.67	11067.7
1697.9	11243.6
1696.13	11417.9
1694.36	11453.8
1692.59	11546.1
1690.81	11806.2
1689.04	12015.3
1687.27	12086.2
1685.49	12054.2
1683.72	12160.3
1681.94	12329.6
1680.17	12322.9
1678.39	12486.5
1676.61	12658.4
1674.83	12863.9
1673.06	12968.1
1671.28	13014.5
1669.5	12992.1
1667.72	13068.1
1665.94	13384
1664.16	13475.2
1662.37	13525.7
1660.59	13606.9
1658.81	13569
1657.03	13672.6
1655.24	13868.6
1653.46	13916
1651.67	13855.6
1649.89	14079.4
1648.1	13965.7
1646.31	14267.7
1644.53	14131.7
1642.74	14265.6
1640.95	14157.6
1639.16	14378
1637.37	14137.3
1635.58	14333.9
1633.79	14173
1632	14095.9
1630.21	14060.7
1628.42	14036.6
1626.62	14032.1
1624.83	13905
1623.04	13801.6
1621.24	13701.1
1619.44	13849.8
1617.65	13713.2
1615.85	13653.1
1614.06	13431.7
1612.26	13446.8
1610.46	13360.5
1608.66	13168.6
1606.86	13106
1605.06	12915.7
1603.26	12796.3
1601.46	12606.2
1599.66	12617.4
1597.86	12617.5
1596.05	12313.9
1594.25	12376.4
1592.45	12200.6
1590.64	12271.5
1588.84	11947.6
1587.03	11997.8
1585.22	11843
1583.42	11830.9
1581.61	11553.2
1579.8	11607.6
1577.99	11551.3
1576.18	11571
1574.37	11325.6
1572.56	11404.8
1570.75	11210.6
1568.94	11244.2
1567.13	11326.1
1565.32	11064.5
1563.5	11151.9
1561.69	10977.4
1559.87	10947.7
1558.06	10912.5
1556.24	11031.5
1554.43	10829.7
1552.61	10827.5
1550.79	10731.9
1548.97	10674.8
1547.16	10829.4
1545.34	10557.9
1543.52	10719.3
1541.7	10501.6
1539.87	10489.9
1538.05	10416.5
1536.23	10517.4
1534.41	10154.6
1532.58	10410.5
1530.76	10400.2
1528.94	10218.7
1527.11	10257.8
1525.29	10160
1523.46	10121.1
1521.63	10046.7
1519.8	9955.83
1517.98	10001.8
1516.15	10045
1514.32	9913.28
1512.49	9946.93
1510.66	9839.88
1508.83	9827.11
1506.99	9666.94
1505.16	9845.24
1503.33	9764.27
1501.5	9762.44
1499.66	9672.01
1497.83	9642.95
1495.99	9808.69
1494.16	9646.16
1492.32	9584.47
1490.48	9799.05
1488.64	9746.86
1486.81	9649.83
1484.97	9717.35
1483.13	9715.52
1481.29	9702.82
1479.45	9713.21
1477.6	9612.27
1475.76	9356.67
1473.92	9502.83
1472.08	9312.53
1470.23	9558.95
1468.39	9421.62
1466.54	9551.3
1464.7	9595.56
1462.85	9624.9
1461	9658.28
1459.16	9795.83
1457.31	9761.48
1455.46	9843.46
1453.61	9809.12
1451.76	9759.93
1449.91	9651.33
1448.06	9690.01
1446.21	9700.31
1444.36	9769.98
1442.5	9577.87
1440.65	9616.51
1438.79	9691.53
1436.94	9730.11
1435.08	9635.27
1433.23	9654.97
1431.37	9479.42
1429.51	9398.21
1427.66	9491.98
1425.8	9562.82
1423.94	9405
1422.08	9356.18
1420.22	9468.65
1418.36	9337.88
1416.5	9497.28
1414.63	9286.04
1412.77	9434.6
1410.91	9391.22
1409.04	9402.85
1407.18	9325.99
1405.31	9464.95
1403.45	9401.51
1401.58	9470.71
1399.71	9476.93
1397.85	9517.95
1395.98	9516.12
1394.11	9558.42
1392.24	9626.11
1390.37	9550.72
1388.5	9503.44
1386.63	9470.88
1384.75	9642.65
1382.88	9759.58
1381.01	9648.22
1379.13	9834.43
1377.26	9737.8
1375.38	9831.86
1373.51	9888.55
1371.63	9781.33
1369.75	9756.75
1367.88	9935.88
1366	9917.92
1364.12	9880
1362.24	9851.43
1360.36	9876.05
1358.48	9816.92
1356.6	9788.38
1354.71	9904.64
1352.83	9882.73
1350.95	9821.02
1349.06	9862.84
1347.18	9952.38
1345.29	9988.82
1343.41	10019.9
1341.52	10009.9
1339.63	9754.89
1337.75	10151.5
1335.86	10034.3
1333.97	9959.43
1332.08	9962.7
1330.19	9931.57
1328.3	9805.29
1326.41	9854.85
1324.51	9876.63
1322.62	9780.86
1320.73	9831.69
1318.83	9629.09
1316.94	9648.27
1315.04	9683.27
1313.15	9734.06
1311.25	9741.32
1309.35	9685.33
1307.45	9601.71
1305.56	9570.82
1303.66	9596.54
1301.76	9734.09
1299.86	9658.46
1297.95	9532.91
1296.05	9495.51
1294.15	9426.6
1292.25	9574.46
1290.34	9542.33
1288.44	9464.28
1286.53	9483.38
1284.63	9263.73
1282.72	9454.67
1280.81	9383.3
1278.91	9443.02
1277	9378.24
1275.09	9381.61
1273.18	9412.46
1271.27	9491.71
1269.36	9338.05
1267.45	9478.73
1265.53	9423.22
1263.62	9452.69
1261.71	9552.68
1259.79	9464.54
1257.88	9372.55
1255.96	9435.92
1254.05	9360.95
1252.13	9390.37
1250.21	9316.77
1248.29	9445.23
1246.37	9384.69
1244.45	9342.42
1242.53	9431.67
1240.61	9403.73
1238.69	9334.16
1236.77	9327.08
1234.85	9148.36
1232.92	9401.3
1231	9379.9
1229.08	9368.9
1227.15	9308.57
1225.22	9436.48
1223.3	9355.41
1221.37	9468.95
1219.44	9360.68
1217.51	9601.17
1215.58	9473.48
1213.65	9593.3
1211.72	9393.19
1209.79	9510.36
1207.86	9482.51
1205.93	9532.3
1203.99	9719.12
1202.06	9621.42
1200.13	9722.79
1198.19	9596.74
1196.25	9703.21
1194.32	9662.44
1192.38	9703
1190.44	9751.27
1188.5	9853.66
1186.56	9836.09
1184.62	9786.32
1182.68	9996.8
1180.74	9989.5
1178.8	10091.6
1176.86	10157.6
1174.91	10082.1
1172.97	10085.1
1171.03	10210.2
1169.08	13654.7
1167.13	10198
1165.19	10215
1163.24	10375.8
1161.29	10291.4
1159.34	10407.1
1157.39	10504.9
1155.44	10376.9
1153.49	10493.8
1151.54	10499.1
1149.59	10608.2
1147.64	10500.8
1145.68	10699.4
1143.73	10630.5
1141.78	10735.5
1139.82	10850.7
1137.86	10877.6
1135.91	10809.9
1133.95	10824.1
1131.99	10889.3
1130.03	10977.4
1128.07	10950.6
1126.11	11011.9
1124.15	11070.5
1122.19	11117.7
1120.23	11172.4
1118.27	11140.5
1116.3	11055.2
1114.34	11316.1
1112.37	11268.9
1110.41	11314.6
1108.44	11423.8
1106.47	11399.5
1104.51	11301.5
1102.54	11361.1
1100.57	11724.1
1098.6	11716.2
1096.63	11712.1
1094.66	11706.7
1092.69	11703.9
1090.71	11969.8
1088.74	11942.8
1086.77	11977.9
1084.79	11983.9
1082.82	12184.8
1080.84	12013.5
1078.86	12169.9
1076.89	12045.6
1074.91	12170.3
1072.93	12317.6
1070.95	12358.8
1068.97	12229.5
1066.99	12486.5
1065.01	12573
1063.03	12350.4
1061.04	12552.8
1059.06	12608.9
1057.08	12489.8
1055.09	12640.4
1053.11	12719.1
1051.12	12720.9
1049.13	12635.9
1047.14	12956
1045.16	12947.7
1043.17	12980.8
1041.18	12883.3
1039.19	12902.6
1037.2	12944.6
1035.2	12940
1033.21	12999.5
1031.22	13011.2
1029.22	12828.6
1027.23	12777.7
1025.23	12997.5
1023.24	13035.5
1021.24	12919.5
1019.24	12962.5
1017.25	12966.7
1015.25	12827
1013.25	12816.3
1011.25	13105.5
1009.25	13018.4
1007.24	13062.5
1005.24	13005.5
1003.24	13271.7
1001.23	13359.3
999.23	13451.9
997.225	13354.9
995.219	13366.4
993.212	13524.9
991.205	13498.9
989.197	13474.2
987.188	13585.2
985.178	13589.1
983.168	13632.8
981.157	13681.4
979.146	13602
977.133	13676.7
975.12	13643.3
973.106	13581.3
971.092	13749
969.077	13706.9
967.061	13690.9
965.044	13789
963.027	13753.1
961.009	13737.1
958.99	13717.3
956.97	13836.2
954.95	13817.7
952.929	13895.7
950.907	13867.2
948.885	13832.6
946.862	13842.6
944.838	13926.6
942.814	13962.4
940.788	13906.8
938.762	14083.2
936.736	14062.2
934.708	14063.3
932.68	14031.2
930.651	14171.6
928.622	14153
926.591	14336.3
924.56	14419.9
922.528	14461.5
920.496	14377.6
918.463	14390.9
916.429	14434.9
914.394	14702.5
912.359	14586.7
910.322	14557
908.286	14652.4
906.248	14519.6
904.21	14797.7
902.171	14962.8
900.131	14763.8
898.09	14801.4
896.049	14841.4
894.007	14951.2
891.964	15233.4
889.921	15055.5
887.877	15245.7
885.832	15230.5
883.786	15553.8
881.74	15740
879.693	15960.3
877.645	16297.6
875.596	16203.9
873.547	16348.1
871.497	16149.5
869.446	16113.2
867.394	15835.7
865.342	15828.8
863.289	15964.3
861.235	16241
859.181	16125.6
857.126	16151.5
855.07	16287.9
853.013	16243.1
850.956	16586
848.897	16214.4
846.838	16523.1
844.779	16508.6
842.718	16613
840.657	16591.3
838.595	16638.6
836.533	16722.3
834.469	16710.2
832.405	16827.7
830.34	16918.5
828.274	17009.2
826.208	16917.1
824.141	17021.1
822.073	16996.8
820.004	17032.9
817.935	17107.7
815.865	17137.7
813.794	17246.2
811.722	17365.4
809.65	17448.4
807.577	17351.6
805.503	17459.9
803.428	17547.5
801.353	17680.9
799.277	17591.4
797.2	17696.9
795.122	17766.3
793.044	17940.3
790.964	18237.9
788.885	18095.5
786.804	18224.7
784.722	18138.8
782.64	18449.1
780.557	18624.8
778.473	18741.6
776.389	18793.6
774.304	18936.6
772.218	18983.6
770.131	19009
768.043	19020.1
765.955	19107.7
763.866	19411.9
761.776	19316.2
759.686	19446.7
757.594	19617.7
755.502	19572.3
753.409	19550.8
751.316	19947.3
749.221	19802.7
747.126	19997.1
745.03	19998.1
742.933	20157.7
740.836	20286.2
738.738	20294.3
736.639	20334.5
734.539	20344.9
732.438	20598.1
730.337	20572.7
728.235	20761.3
726.132	20834.6
724.028	20709.3
721.924	20827.6
719.819	21213
717.713	21143.5
715.606	21236.6
713.498	21458.9
711.39	21505.5
709.281	21505.9
707.171	21591.6
705.061	21984
702.949	21929.7
700.837	21963.1
698.724	21816.5
696.61	22030.9
694.496	22021.5
692.381	22262.8
690.264	22254.6
688.148	22555.8
686.03	22488.4
683.911	22769.2
681.792	22712.5
679.672	22836.1
677.552	22986.8
675.43	23144.5
673.308	22872.1
671.184	23195.7
669.061	23169.4
666.936	23325.6
664.81	23386.3
662.684	23424.7
660.557	23483
658.429	23764.5
656.3	23975.3
654.171	23725.7
652.041	24040.8
649.91	24075.3
647.778	24320.8
645.645	24235.6
643.512	24300.4
641.378	24308.9
639.243	24418.2
637.107	24800
634.97	25191
632.833	24995.6
630.695	25091.6
628.556	25240
626.416	25472.4
624.276	25401.1
622.134	25452.3
619.992	25679.7
617.849	25860.3
615.705	25847.1
613.561	26048.5
