1729.68	12.7776
1727.92	6624.5
1726.16	6639.45
1724.4	6823.23
1722.63	7648.01
1720.87	8948.71
1719.11	7573.74
1717.34	8004.98
1715.58	7812.63
1713.81	7712.46
1712.05	7647.74
1710.28	7121.67
1708.51	7202.9
1706.75	7302.47
1704.98	7366.62
1703.21	7297.86
1701.44	7441.1
1699.67	7628.04
1697.9	7747.07
1696.13	7642.98
1694.36	7839.55
1692.59	8052.93
1690.81	7857.16
1689.04	7920.94
1687.27	8205.96
1685.49	8211.82
1683.72	8344.44
1681.94	10204.8
1680.17	10176.2
1678.39	8627.8
1676.61	8640.54
1674.83	8897.97
1673.06	8926.08
1671.28	8904.97
1669.5	8893.71
1667.72	8948.47
1665.94	9240.49
1664.16	9156.14
1662.37	9262.68
1660.59	9322.86
1658.81	9331.11
1657.03	9344.96
1655.24	9409.25
1653.46	9542.15
1651.67	9533.51
1649.89	9561.27
1648.1	9580.61
1646.31	9716.08
1644.53	9724.16
1642.74	9649.75
1640.95	9587.95
1639.16	9678.52
1637.37	9658.66
1635.58	9651.38
1633.79	9684.59
1632	9610.32
1630.21	9522.13
1628.42	9354.51
1626.62	9400.31
1624.83	9381.97
1623.04	9174.13
1621.24	9401.03
1619.44	9242.05
1617.65	9108.23
1615.85	9063.56
1614.06	8849.2
1612.26	8844.96
1610.46	8717
1608.66	8608.57
1606.86	8573.85
1605.06	8641.93
1603.26	8458.64
1601.46	8480.91
1599.66	8412.96
1597.86	8315.93
1596.05	8119.11
1594.25	8174.72
1592.45	8097.25
1590.64	7958.87
1588.84	7857.98
1587.03	7788.99
1585.22	7823.84
1583.42	7730
1581.61	7668.03
1579.8	7675.23
1577.99	7524.86
1576.18	7451.95
1574.37	7468.88
1572.56	7520.32
1570.75	7448.87
1568.94	7508.56
1567.13	7264.7
1565.32	7382.33
1563.5	7258.62
1561.69	7146.01
1559.87	7200.18
1558.06	7323.18
1556.24	7247.83
1554.43	7230.34
1552.61	7145.44
1550.79	7110.11
1548.97	7124.3
1547.16	7005.14
1545.34	7074.32
1543.52	6962.12
1541.7	7117.79
1539.87	6942.49
1538.05	6993.76
1536.23	6983.25
1534.41	6900.06
1532.58	6866.28
1530.76	6799.62
1528.94	6812.48
1527.11	6739.03
1525.29	6795.71
1523.46	6790.76
1521.63	6778.96
1519.8	6713.82
1517.98	6734.88
1516.15	6653.39
1514.32	6562.39
1512.49	6539.75
1510.66	6523.96
1508.83	6547.76
1506.99	6459.64
1505.16	6527.11
1503.33	6334.02
1501.5	6370.13
1499.66	6496.17
1497.83	6421.82
1495.99	6483.74
1494.16	6512.93
1492.32	6416.87
1490.48	6376.66
1488.64	6521.49
1486.81	6405.12
1484.97	6381.26
1483.13	6368.29
1481.29	6413.75
1479.45	6455.1
1477.6	6381.03
1475.76	6384.36
1473.92	6239.8
1472.08	6239.1
1470.23	6323.82
1468.39	6374.6
1466.54	6391.47
1464.7	6366.34
1462.85	6419.76
1461	6444.72
1459.16	6479.13
1457.31	6495.93
1455.46	6670.94
1453.61	6636.29
1451.76	6423.28
1449.91	6486.01
1448.06	6483.87
1446.21	6399.37
1444.36	6397.25
1442.5	6422.12
1440.65	6500.92
1438.79	6390.91
1436.94	6465.62
1435.08	6354.34
1433.23	6344.16
1431.37	6216.83
1429.51	6304.96
1427.66	6362.08
1425.8	6318.27
1423.94	6394.17
1422.08	6211.91
1420.22	6360.36
1418.36	6332.73
1416.5	6319.88
1414.63	6313.75
1412.77	6257.97
1410.91	6257.24
1409.04	6311.49
1407.18	6306.71
1405.31	6308.63
1403.45	6319.93
1401.58	6296.4
1399.71	6220.66
1397.85	6460.85
1395.98	6405.18
1394.11	6297.38
1392.24	6332.72
1390.37	6317.24
1388.5	6463.46
1386.63	6370.47
1384.75	6345.64
1382.88	6489.03
1381.01	6553.59
1379.13	6498.04
1377.26	6635.89
1375.38	6577.68
1373.51	6443.55
1371.63	6498.68
1369.75	6619.03
1367.88	6590.19
1366	6512.13
1364.12	6609.73
1362.24	6497.13
1360.36	6546.8
1358.48	6632.33
1356.6	6572.98
1354.71	6589.37
1352.83	6555.29
1350.95	6725.65
1349.06	6532.32
1347.18	6653.49
1345.29	6594.24
1343.41	6686.14
1341.52	6616.31
1339.63	6709.46
1337.75	6676.75
1335.86	6655.98
1333.97	6538.61
1332.08	6513.92
1330.19	6606.94
1328.3	6558.45
1326.41	6499.41
1324.51	6543.47
1322.62	6568.99
1320.73	6408.36
1318.83	6332.29
1316.94	6397.44
1315.04	6358.35
1313.15	6253.37
1311.25	6397.56
1309.35	6378.27
1307.45	6287.87
1305.56	6401.61
1303.66	6223.08
1301.76	6301.24
1299.86	6328.04
1297.95	6240.44
1296.05	6239.64
1294.15	6204.68
1292.25	6122.46
1290.34	6133.51
1288.44	6207.57
1286.53	6160.85
1284.63	6098.43
1282.72	6119.96
1280.81	6144.11
1278.91	6127.61
1277	6210.68
1275.09	6084.17
1273.18	6137.08
1271.27	6223.99
1269.36	6028.26
1267.45	6175.3
1265.53	6130.06
1263.62	5999.9
1261.71	6138.96
1259.79	6132.95
1257.88	6119.12
1255.96	6090.93
1254.05	6066.68
1252.13	6152
1250.21	6049.51
1248.29	6068.3
1246.37	6079.27
1244.45	6038.12
1242.53	6075.12
1240.61	6039.21
1238.69	6069.68
1236.77	6170.36
1234.85	5952.42
1232.92	6033.57
1231	6013.32
1229.08	6087.9
1227.15	6054.66
1225.22	5982.5
1223.3	6037.55
1221.37	6113.31
1219.44	6150.12
1217.51	6008.02
1215.58	6090.19
1213.65	6027.22
1211.72	6053.65
1209.79	6186.2
1207.86	6269.48
1205.93	6215.59
1203.99	6151.39
1202.06	6238.48
1200.13	6220.83
1198.19	6204.49
1196.25	6225.6
1194.32	6220.88
1192.38	6336.18
1190.44	6393.34
1188.5	6327.96
1186.56	6364.46
1184.62	6400.93
1182.68	6477.31
1180.74	6485.38
1178.8	6373.73
1176.86	6532.4
1174.91	6458.11
1172.97	6527.9
1171.03	6481.94
1169.08	6633.93
1167.13	6571.26
1165.19	6674.3
1163.24	6672
1161.29	6687.67
1159.34	6578.88
1157.39	6799.76
1155.44	6703.82
1153.49	6722.01
1151.54	6819.62
1149.59	6762.19
1147.64	6828.99
1145.68	6848.39
1143.73	6837.06
1141.78	6847.49
1139.82	6892.42
1137.86	6888.76
1135.91	6931.09
1133.95	6960.62
1131.99	7025.88
1130.03	7093.64
1128.07	7119.25
1126.11	7078.52
1124.15	7198.46
1122.19	7246.95
1120.23	7137.41
1118.27	7091.63
1116.3	7351.44
1114.34	7257.25
1112.37	7183.48
1110.41	7216.6
1108.44	7292.92
1106.47	7258.61
1104.51	7408.55
1102.54	7347.55
1100.57	7421.17
1098.6	7376.7
1096.63	7469.29
1094.66	7522.5
1092.69	7642.86
1090.71	7632.6
1088.74	7678.08
1086.77	7709.6
1084.79	7747.43
1082.82	7868.77
1080.84	7673.7
1078.86	7677.35
1076.89	7691.1
1074.91	7875.48
1072.93	7800.71
1070.95	7862.4
1068.97	7900.05
1066.99	8017.2
1065.01	8063.6
1063.03	7916.99
1061.04	8026.44
1059.06	8033.71
1057.08	8098.93
1055.09	8140.18
1053.11	8153.7
1051.12	8330.82
1049.13	8147.98
1047.14	8298.57
1045.16	8274.29
1043.17	8336.74
1041.18	8294.87
1039.19	8319.59
1037.2	8394.51
1035.2	8202.04
1033.21	8371.05
1031.22	8282.82
1029.22	8094.35
1027.23	8146.65
1025.23	8290.37
1023.24	8172.23
1021.24	8289.55
1019.24	8413.04
1017.25	8298.72
1015.25	8305.81
1013.25	8381.65
1011.25	8427.44
1009.25	8455.7
1007.24	8487.69
1005.24	8386.06
1003.24	8557.83
1001.23	8547.32
999.23	8614.15
997.225	8591.16
995.219	8558.21
993.212	8661.09
991.205	8595.76
989.197	8743.36
987.188	8643.19
985.178	8818.04
983.168	8793.78
981.157	8798.12
979.146	8867.09
977.133	8892.52
975.12	8680.74
973.106	8866.36
971.092	8775.11
969.077	8848.91
967.061	8793.69
965.044	8785.61
963.027	8827.11
961.009	8942.9
958.99	8841.89
956.97	8802.85
954.95	8867.79
952.929	8799.07
950.907	8992.56
948.885	8969.59
946.862	9109.74
944.838	9065.74
942.814	8941.5
940.788	9114.83
938.762	8882.07
936.736	9066.4
934.708	9106.33
932.68	9122.81
930.651	9253.87
928.622	9165.57
926.591	9172.16
924.56	9263.66
922.528	9341.57
920.496	9198.01
918.463	9350.88
916.429	9409
914.394	9376.15
912.359	9337.18
910.322	9541.34
908.286	9347.68
906.248	9524.7
904.21	9635.36
902.171	9541.18
900.131	9543.89
898.09	9731.6
896.049	9685.25
894.007	9751.56
891.964	9706.46
889.921	9997.82
887.877	9975.89
885.832	10125.1
883.786	10182.6
881.74	10516.1
879.693	10483
877.645	10690.5
875.596	10592.7
873.547	10660.8
871.497	10519.2
869.446	10560.5
867.394	10400.7
865.342	10418.9
863.289	10500.4
861.235	10433.3
859.181	10481.9
857.126	10559.6
855.07	10497.5
853.013	10618.9
850.956	10590.7
848.897	10719.3
846.838	10758
844.779	10839
842.718	10823
840.657	11007.1
838.595	10909.7
836.533	11062.2
834.469	10940.6
832.405	11015.4
830.34	11173.7
828.274	11363.3
826.208	11222.4
824.141	11305.5
822.073	11216.7
820.004	11386.7
817.935	11358.4
815.865	11431.6
813.794	11380.4
811.722	11540.4
809.65	11573.6
807.577	11562.1
805.503	11621.8
803.428	11641.7
801.353	11759.1
799.277	11831.9
797.2	11905.9
795.122	11949.7
793.044	11910.5
790.964	11995.1
788.885	12070.1
786.804	12182.2
784.722	12211.4
782.64	12343.8
780.557	12505
778.473	12338.4
776.389	12371.1
774.304	12626.8
772.218	12703.7
770.131	12654.7
768.043	12780.6
765.955	12761.6
763.866	12840.7
761.776	12941.3
759.686	12992.8
757.594	13053.8
755.502	13254.5
753.409	13253.3
751.316	13198.3
749.221	13150.5
747.126	13432
745.03	13472.4
742.933	13359
740.836	13619.9
738.738	13496.9
736.639	13632.5
734.539	13479.9
732.438	13684.4
730.337	13886.4
728.235	13799.3
726.132	13959.5
724.028	13919.9
721.924	13887.4
719.819	13954.8
717.713	14076.7
715.606	14301.7
713.498	14403.2
711.39	14193.9
709.281	14454.2
707.171	14486.8
705.061	14618.9
702.949	14496.3
700.837	14659
698.724	14769.6
696.61	14752.3
694.496	14817.8
692.381	14943.5
690.264	14984.1
688.148	15012.8
686.03	15140.6
683.911	15282.6
681.792	15334.7
679.672	15521.3
677.552	15389.4
675.43	15591.1
673.308	15618.3
671.184	15639.6
669.061	15623.2
666.936	15914
664.81	15779.9
662.684	15908
660.557	15902.1
658.429	15989.1
656.3	15943.2
654.171	16269.5
652.041	16160.2
649.91	16316.1
647.778	16213.9
645.645	16375.5
643.512	16555.7
641.378	16544.9
639.243	16713.2
637.107	16894.3
634.97	16899.7
632.833	17018.6
630.695	17221.5
628.556	17253.7
626.416	17407.3
624.276	17239.6
622.134	17605.6
619.992	17463.7
617.849	17603
615.705	17688.6
613.561	17726.3
