1729.68	11.3579
1727.92	8998.3
1726.16	9055.08
1724.4	9123.18
1722.63	9060.74
1720.87	9252.15
1719.11	9182.61
1717.34	9276.08
1715.58	9464.41
1713.81	9452.93
1712.05	9563.21
1710.28	9486.6
1708.51	9884.01
1706.75	10002.5
1704.98	9886.26
1703.21	10065.5
1701.44	10134.4
1699.67	10333.2
1697.9	10375.1
1696.13	10436.7
1694.36	10447.6
1692.59	10828
1690.81	10906.4
1689.04	10893.1
1687.27	11026.3
1685.49	11055.2
1683.72	11116.5
1681.94	11396
1680.17	11559.9
1678.39	11612.6
1676.61	11675
1674.83	11887.9
1673.06	11839.1
1671.28	11985.7
1669.5	12098.5
1667.72	12160.7
1665.94	12434.9
1664.16	12407
1662.37	12407.3
1660.59	12501.6
1658.81	12779.4
1657.03	12832.8
1655.24	12796.5
1653.46	12784
1651.67	12915.8
1649.89	13062.9
1648.1	13051.7
1646.31	13139.9
1644.53	13198.7
1642.74	13197.3
1640.95	13058.9
1639.16	13279.7
1637.37	13236.3
1635.58	13145.5
1633.79	13218.1
1632	13135.7
1630.21	13043.6
1628.42	13008.7
1626.62	13102.2
1624.83	12922.3
1623.04	12834.6
1621.24	12911.3
1619.44	12837.5
1617.65	12524.3
1615.85	12546.8
1614.06	12498.2
1612.26	12305.1
1610.46	12265
1608.66	12298.6
1606.86	12173.7
1605.06	12124
1603.26	11945.1
1601.46	11785.8
1599.66	11740.4
1597.86	11654.8
1596.05	11434.7
1594.25	11401.9
1592.45	11298.5
1590.64	11106.4
1588.84	11098.7
1587.03	11030
1585.22	10817.5
1583.42	10844.4
1581.61	10941.9
1579.8	10816.7
1577.99	10621
1576.18	10572
1574.37	10596.2
1572.56	10561
1570.75	10278.8
1568.94	10351.3
1567.13	10306.6
1565.32	10351.5
1563.5	10305.4
1561.69	10183.6
1559.87	10163.7
1558.06	10167.3
1556.24	10150.3
1554.43	9958.41
1552.61	10117.5
1550.79	9973.95
1548.97	9835.96
1547.16	9858.88
1545.34	9692.15
1543.52	9599.7
1541.7	9571.86
1539.87	9707.41
1538.05	9573.87
1536.23	9578.99
1534.41	9434.6
1532.58	9497.34
1530.76	9417.49
1528.94	9562.4
1527.11	11509.8
1525.29	10555.7
1523.46	10316.9
1521.63	10277.9
1519.8	10262.2
1517.98	9925.23
1516.15	9223.43
1514.32	9220.42
1512.49	9139.53
1510.66	9015
1508.83	9057.1
1506.99	8947.69
1505.16	9079.83
1503.33	8880.45
1501.5	8983.9
1499.66	8891
1497.83	8731.39
1495.99	8932.85
1494.16	8876.81
1492.32	8785.42
1490.48	8922.7
1488.64	8798.7
1486.81	8857.01
1484.97	8730.39
1483.13	8866.14
1481.29	8649.94
1479.45	8786.98
1477.6	8615.74
1475.76	8740.49
1473.92	8728.12
1472.08	8771.36
1470.23	8605.77
1468.39	8756.1
1466.54	8982.21
1464.7	8804.51
1462.85	8782.65
1461	8794.65
1459.16	8868.88
1457.31	8888.96
1455.46	8753.5
1453.61	8930.41
1451.76	8800.42
1449.91	8840.75
1448.06	8828.38
1446.21	8814.66
1444.36	8826.59
1442.5	8949.15
1440.65	8912.47
1438.79	8852.89
1436.94	8863.44
1435.08	8803.92
1433.23	8813.13
1431.37	8742.88
1429.51	8796.52
1427.66	8660.39
1425.8	8696.53
1423.94	8715.16
1422.08	8657.16
1420.22	8729.54
1418.36	8543.94
1416.5	8743.89
1414.63	8747.7
1412.77	8778.34
1410.91	8733.84
1409.04	8610.23
1407.18	8659.65
1405.31	8636.67
1403.45	8749.02
1401.58	8762.18
1399.71	8632.07
1397.85	8722.89
1395.98	8675.83
1394.11	8840.14
1392.24	8906.72
1390.37	8911.77
1388.5	8912.81
1386.63	8991.32
1384.75	8948.26
1382.88	8974.64
1381.01	9066.4
1379.13	8959.31
1377.26	9077.68
1375.38	9182.63
1373.51	9088.94
1371.63	8954.01
1369.75	9170.76
1367.88	9214.29
1366	9090.09
1364.12	9176.19
1362.24	8964.31
1360.36	9069
1358.48	9186.91
1356.6	9300.76
1354.71	9061.21
1352.83	9046.23
1350.95	9169.29
1349.06	9021.58
1347.18	9405.88
1345.29	9189.23
1343.41	9314.73
1341.52	9367.25
1339.63	9275.35
1337.75	9272.24
1335.86	9393.56
1333.97	9381.13
1332.08	9220.55
1330.19	9077.27
1328.3	9247.4
1326.41	9089.67
1324.51	9081.32
1322.62	8960.72
1320.73	9087.08
1318.83	9113.06
1316.94	8968.82
1315.04	9013.27
1313.15	8944.31
1311.25	8929.43
1309.35	8897.43
1307.45	8943.16
1305.56	8847.97
1303.66	8837.09
1301.76	8898.57
1299.86	8756.14
1297.95	8882.04
1296.05	8802.8
1294.15	8852.38
1292.25	8766.63
1290.34	8803.06
1288.44	8718.69
1286.53	8648.82
1284.63	8700.98
1282.72	8585.26
1280.81	8696.39
1278.91	8669.86
1277	8708.84
1275.09	8716.36
1273.18	8641.4
1271.27	8709.14
1269.36	8611.99
1267.45	8584.21
1265.53	8666.27
1263.62	8830.61
1261.71	8585.92
1259.79	8671.81
1257.88	8546.13
1255.96	8725.94
1254.05	8524.66
1252.13	8661.31
1250.21	8505.82
1248.29	8642.38
1246.37	8528.69
1244.45	8665.15
1242.53	8499.44
1240.61	8552.51
1238.69	8596.44
1236.77	8532.37
1234.85	8732.29
1232.92	8672.12
1231	8558.72
1229.08	8584.37
1227.15	8742.44
1225.22	8614.85
1223.3	8755.93
1221.37	8650.47
1219.44	8727.9
1217.51	8641.96
1215.58	8539.22
1213.65	8703.4
1211.72	8657.69
1209.79	8643.07
1207.86	8769.51
1205.93	8802.73
1203.99	8733.76
1202.06	8779.89
1200.13	8916.44
1198.19	8808.74
1196.25	8923.23
1194.32	8885.31
1192.38	8949.37
1190.44	8984.99
1188.5	8978.04
1186.56	8968.51
1184.62	9033.72
1182.68	8919.83
1180.74	9030.09
1178.8	9151.85
1176.86	9246.51
1174.91	9155.85
1172.97	9206.71
1171.03	9253.67
1169.08	9242.77
1167.13	9324.38
1165.19	9403.36
1163.24	9505.39
1161.29	9400.72
1159.34	9428.27
1157.39	9541.72
1155.44	9482.02
1153.49	9472.34
1151.54	9606.15
1149.59	9564.41
1147.64	9504.77
1145.68	9675.54
1143.73	9819.32
1141.78	9624.09
1139.82	9877.74
1137.86	9869.2
1135.91	9872.18
1133.95	9927.51
1131.99	9903.64
1130.03	9916.8
1128.07	9928.67
1126.11	10097.4
1124.15	10009.8
1122.19	10049.6
1120.23	10185
1118.27	10210.8
1116.3	10213.6
1114.34	10179.5
1112.37	10217.9
1110.41	10247.5
1108.44	10322.7
1106.47	10451.3
1104.51	10290.1
1102.54	10219.3
1100.57	10445.5
1098.6	10441.9
1096.63	10603.2
1094.66	10482.8
1092.69	10493.1
1090.71	10655.5
1088.74	10694.8
1086.77	10715.2
1084.79	10770.9
1082.82	11029.2
1080.84	10752
1078.86	10820.4
1076.89	11077.1
1074.91	10980.9
1072.93	11045.3
1070.95	11085.7
1068.97	11269.9
1066.99	11095.6
1065.01	11340.3
1063.03	11249.3
1061.04	11370.2
1059.06	11318.3
1057.08	11260.1
1055.09	11351.9
1053.11	11534.3
1051.12	11578.1
1049.13	11251.9
1047.14	11612.7
1045.16	11338.3
1043.17	11590.7
1041.18	11556.5
1039.19	11642.9
1037.2	11641.3
1035.2	11595.8
1033.21	11623.1
1031.22	11631.6
1029.22	11633.7
1027.23	11716.1
1025.23	11697
1023.24	11865.7
1021.24	11608.6
1019.24	11703.4
1017.25	11658
1015.25	11824
1013.25	11816.1
1011.25	11889.4
1009.25	11842.7
1007.24	11788.6
1005.24	11884.3
1003.24	12212.1
1001.23	12126.7
999.23	12153.6
997.225	12105.7
995.219	12092.7
993.212	12134.5
991.205	12163.8
989.197	12449.6
987.188	12314.5
985.178	12250.5
983.168	12292.1
981.157	12490.4
979.146	12243.7
977.133	12424.4
975.12	12329.4
973.106	12425.6
971.092	12287.1
969.077	12329.9
967.061	12454.5
965.044	12507.1
963.027	12423.4
961.009	12483.4
958.99	12511.2
956.97	12577.3
954.95	12645.8
952.929	12596.8
950.907	12607.1
948.885	12717.6
946.862	12757.6
944.838	12716
942.814	12809
940.788	12671.1
938.762	12695
936.736	13013.7
934.708	12727.9
932.68	12946.5
930.651	12902.4
928.622	12936
926.591	13012.7
924.56	12967.4
922.528	13197.8
920.496	13153.7
918.463	13147.8
916.429	13129.6
914.394	13164.2
912.359	13308.1
910.322	13415.1
908.286	13378.4
906.248	13444.8
904.21	13325.9
902.171	13365.3
900.131	13597
898.09	13528.4
896.049	13631.4
894.007	13627.7
891.964	13648.5
889.921	13710.9
887.877	13691.3
885.832	13863.7
883.786	14056.7
881.74	14045.5
879.693	13972.1
877.645	14177.1
875.596	14294
873.547	14449.9
871.497	14504.5
869.446	14546.8
867.394	14492.8
865.342	14554.6
863.289	14593.2
861.235	14782.7
859.181	14856.5
857.126	14724.6
855.07	14926
853.013	14789.4
850.956	15059.9
848.897	15082.4
846.838	15197.1
844.779	15124.9
842.718	15271.1
840.657	15305.6
838.595	15294
836.533	15324.9
834.469	15342.3
832.405	15600.8
830.34	15566.1
828.274	15600.4
826.208	23215.5
824.141	17861.6
822.073	15596.8
820.004	15895.7
817.935	15922.6
815.865	15928.9
813.794	16116.2
811.722	16143
809.65	16113
807.577	16198.8
805.503	16309.8
803.428	16226.8
801.353	16234.2
799.277	16398.1
797.2	16606.4
795.122	16637.6
793.044	16535.3
790.964	16780.6
788.885	16850.2
786.804	16847.7
784.722	17045.8
782.64	17312.1
780.557	17076.6
778.473	17280.3
776.389	17269.2
774.304	17367.2
772.218	17713.2
770.131	17655.3
768.043	17517.1
765.955	17732.2
763.866	17773.6
761.776	17971.6
759.686	17826.3
757.594	18143.8
755.502	18177.8
753.409	18258.3
751.316	18328.1
749.221	18348.8
747.126	18500.8
745.03	18596.6
742.933	18723.3
740.836	18617.6
738.738	18875.2
736.639	18729
734.539	18915
732.438	19025.9
730.337	19252.1
728.235	19312.8
726.132	19367.5
724.028	19419.8
721.924	19625.3
719.819	19666.8
717.713	19730.8
715.606	19936
713.498	19912
711.39	20135.9
709.281	20197.3
707.171	20121.1
705.061	20353
702.949	20336
700.837	20242.1
698.724	20263
696.61	20449.5
694.496	20491.6
692.381	20660.2
690.264	20656.1
688.148	20975.6
686.03	20634.9
683.911	21118.3
681.792	20946.5
679.672	21379.8
677.552	21236.3
675.43	21415.8
673.308	21438.5
671.184	21653.1
669.061	21516.8
666.936	21890.1
664.81	21927.8
662.684	21805.7
660.557	21935.1
658.429	21999.8
656.3	22144.3
654.171	22306.3
652.041	22342.6
649.91	22337.9
647.778	22599.3
645.645	22712.8
643.512	22713.7
641.378	22775.6
639.243	23139.5
637.107	23387.2
634.97	23343.4
632.833	23362.8
630.695	23376.3
628.556	23652.8
626.416	23860.1
624.276	24046.3
622.134	24224.1
619.992	24281.6
617.849	24045
615.705	24170.2
613.561	24238.1
