1729.68	8.51843
1727.92	7438.01
1726.16	7615.92
1724.4	7640.49
1722.63	7667.87
1720.87	7807.25
1719.11	7814.72
1717.34	7825.01
1715.58	8013.79
1713.81	8046.67
1712.05	7945.04
1710.28	8194.45
1708.51	8179.14
1706.75	8295.36
1704.98	8490.7
1703.21	8571.41
1701.44	8628.06
1699.67	8794.84
1697.9	8729.93
1696.13	8900.81
1694.36	9109.69
1692.59	9089.87
1690.81	9312.66
1689.04	9332.27
1687.27	9436.43
1685.49	9792.75
1683.72	12387.1
1681.94	10018.9
1680.17	9919.98
1678.39	9791.59
1676.61	10048.7
1674.83	10131.3
1673.06	10220.9
1671.28	10226.1
1669.5	10262.2
1667.72	10362.9
1665.94	10707.8
1664.16	10505.1
1662.37	10616.8
1660.59	10745.3
1658.81	10764.3
1657.03	10874.4
1655.24	10911.6
1653.46	11122.5
1651.67	10978.9
1649.89	11035.6
1648.1	11109
1646.31	11228.6
1644.53	11234.8
1642.74	11029.9
1640.95	11219.3
1639.16	11183.5
1637.37	11312.7
1635.58	11194.5
1633.79	11010.9
1632	11033.9
1630.21	11030.3
1628.42	10933.4
1626.62	10907.5
1624.83	10821.8
1623.04	10882.4
1621.24	10631
1619.44	10679.1
1617.65	10569.9
1615.85	10414.8
1614.06	10385
1612.26	10270.4
1610.46	10122.6
1608.66	10005.3
1606.86	9799.28
1605.06	9864.18
1603.26	9872.12
1601.46	9666.29
1599.66	9647.91
1597.86	9586.55
1596.05	9361.59
1594.25	9359.96
1592.45	9351.4
1590.64	9261.11
1588.84	9098.86
1587.03	9108.38
1585.22	8901.99
1583.42	8984.9
1581.61	8822.94
1579.8	8719.15
1577.99	8714.96
1576.18	8652.72
1574.37	8833.64
1572.56	8587.75
1570.75	8597.39
1568.94	8431.77
1567.13	8526.99
1565.32	8349.08
1563.5	8345
1561.69	8389.16
1559.87	8402.97
1558.06	8323.11
1556.24	8270.85
1554.43	8174.57
1552.61	8272.36
1550.79	8151.38
1548.97	8044.23
1547.16	8080.1
1545.34	8095.34
1543.52	8062.49
1541.7	8042.01
1539.87	7932.32
1538.05	7984.63
1536.23	7851.7
1534.41	7791.54
1532.58	7780.77
1530.76	7715.19
1528.94	7633.21
1527.11	7649.89
1525.29	7735.03
1523.46	7792.74
1521.63	7664.3
1519.8	7705.58
1517.98	7596.4
1516.15	7619.89
1514.32	7426.08
1512.49	7505.62
1510.66	7499.07
1508.83	7519.83
1506.99	7503.72
1505.16	7441.23
1503.33	7399.24
1501.5	7368.19
1499.66	7502.08
1497.83	7303.41
1495.99	7284.67
1494.16	7349
1492.32	7332.98
1490.48	7345.54
1488.64	7402.99
1486.81	7253.69
1484.97	7312.49
1483.13	7286.98
1481.29	7288.66
1479.45	7184.41
1477.6	7199.7
1475.76	7125.4
1473.92	7106.77
1472.08	7222.44
1470.23	7188.87
1468.39	7221.75
1466.54	7250.53
1464.7	7254.92
1462.85	7228.15
1461	7394.98
1459.16	7219.33
1457.31	7337.34
1455.46	7353.86
1453.61	7414.97
1451.76	7365.22
1449.91	7387.11
1448.06	7364.41
1446.21	7357.92
1444.36	7289.36
1442.5	7253.22
1440.65	7351.98
1438.79	7278.09
1436.94	7349.81
1435.08	7298.87
1433.23	7336.86
1431.37	7230.75
1429.51	7282.2
1427.66	7207.12
1425.8	7109.23
1423.94	7144.52
1422.08	7085.69
1420.22	7165.32
1418.36	6930.53
1416.5	7121.62
1414.63	7084.35
1412.77	7158.49
1410.91	7135.99
1409.04	7105.45
1407.18	7229.12
1405.31	7181.14
1403.45	7098.36
1401.58	7235.3
1399.71	7306.53
1397.85	7176.94
1395.98	7115.68
1394.11	7299.23
1392.24	7343.6
1390.37	7207.48
1388.5	7270.56
1386.63	7305.53
1384.75	7304.43
1382.88	7402.11
1381.01	7467.7
1379.13	7457.2
1377.26	7418.7
1375.38	7480.22
1373.51	7360.44
1371.63	7495.2
1369.75	7537.97
1367.88	7432.94
1366	7491.67
1364.12	7543.71
1362.24	7514.59
1360.36	7551.96
1358.48	7521.52
1356.6	7550.89
1354.71	7387.64
1352.83	7458.19
1350.95	7405.25
1349.06	7500.96
1347.18	7470.58
1345.29	7530.4
1343.41	7527.87
1341.52	7522.69
1339.63	7542.68
1337.75	7403.75
1335.86	7581.3
1333.97	7478.18
1332.08	7379.09
1330.19	7332.97
1328.3	7499.71
1326.41	7394.11
1324.51	7281.97
1322.62	7416.86
1320.73	7312.71
1318.83	7265.37
1316.94	7270.84
1315.04	7277.62
1313.15	7317.35
1311.25	7185.72
1309.35	7067.35
1307.45	7191.41
1305.56	7020.44
1303.66	7140.48
1301.76	7031.49
1299.86	7084.36
1297.95	7038.57
1296.05	6934.98
1294.15	7096.88
1292.25	6969.69
1290.34	7069.76
1288.44	6993.86
1286.53	6877.32
1284.63	6914.35
1282.72	6936.92
1280.81	7042.06
1278.91	6916.49
1277	7033.36
1275.09	6974.66
1273.18	6967.06
1271.27	6960.76
1269.36	6906.07
1267.45	6929.88
1265.53	6975.9
1263.62	6963.07
1261.71	7003.82
1259.79	6963.56
1257.88	7029.08
1255.96	6979.71
1254.05	6888.62
1252.13	6844.54
1250.21	6929.56
1248.29	6906.35
1246.37	6846.67
1244.45	6952.44
1242.53	6963.09
1240.61	6843.57
1238.69	6820.42
1236.77	6905.24
1234.85	6927.59
1232.92	6913.52
1231	6999.52
1229.08	6942.57
1227.15	6899.95
1225.22	6920.95
1223.3	6971.79
1221.37	6914.93
1219.44	7074.64
1217.51	7047.6
1215.58	7023.16
1213.65	7009.09
1211.72	6938.06
1209.79	7045.72
1207.86	6899.67
1205.93	7132.73
1203.99	7140.63
1202.06	7143.35
1200.13	7199.05
1198.19	7197.88
1196.25	7221.23
1194.32	7155.5
1192.38	7236.92
1190.44	7300.23
1188.5	7309.32
1186.56	7350.64
1184.62	7303.01
1182.68	7315.96
1180.74	7316.02
1178.8	7431.94
1176.86	7467.99
1174.91	7448.69
1172.97	7433.27
1171.03	7658.26
1169.08	7681.32
1167.13	7500.1
1165.19	7604.11
1163.24	7555.27
1161.29	7619.4
1159.34	7669.37
1157.39	7711.61
1155.44	7815.36
1153.49	7784.46
1151.54	7872.74
1149.59	7727.86
1147.64	7808.4
1145.68	7810.82
1143.73	7923.27
1141.78	7926.92
1139.82	7905
1137.86	8041.57
1135.91	7980.02
1133.95	8133.07
1131.99	8039.61
1130.03	8101.91
1128.07	8208.83
1126.11	8195.78
1124.15	8247.76
1122.19	8283.13
1120.23	8234.39
1118.27	13585.9
1116.3	8326.71
1114.34	8409.1
1112.37	8478.7
1110.41	8498.64
1108.44	8329.13
1106.47	8460.96
1104.51	8426.26
1102.54	8495.72
1100.57	8486.42
1098.6	8607.85
1096.63	8622.61
1094.66	8748.98
1092.69	8699.02
1090.71	8785.98
1088.74	8862.74
1086.77	8862.18
1084.79	8880.61
1082.82	9014.21
1080.84	8962.99
1078.86	8969.98
1076.89	9089.49
1074.91	9007.95
1072.93	9089.46
1070.95	9134.28
1068.97	9080.58
1066.99	9174.59
1065.01	9192.83
1063.03	9190.88
1061.04	9332.66
1059.06	9261.33
1057.08	9237.93
1055.09	9350.57
1053.11	9348.55
1051.12	9510.15
1049.13	9567.21
1047.14	9516.06
1045.16	9646
1043.17	9741.91
1041.18	9582.69
1039.19	9497.69
1037.2	9553.37
1035.2	9551.27
1033.21	9562.97
1031.22	9572.15
1029.22	9657.8
1027.23	9576.7
1025.23	9563.31
1023.24	9667.65
1021.24	9554.08
1019.24	9612.04
1017.25	9631.17
1015.25	9769.11
1013.25	9624.39
1011.25	9812.22
1009.25	9835
1007.24	9896.47
1005.24	9753.15
1003.24	9996.82
1001.23	9900.97
999.23	9850.09
997.225	9987.49
995.219	10010.1
993.212	10032.8
991.205	10095.2
989.197	10086.7
987.188	10098
985.178	10054.7
983.168	10197.8
981.157	10214.1
979.146	10349.7
977.133	10102.5
975.12	10307.6
973.106	10297.7
971.092	10348.7
969.077	10325.2
967.061	10428.2
965.044	10296.8
963.027	10226.2
961.009	10440.6
958.99	10393.6
956.97	10293.3
954.95	10323.1
952.929	10354
950.907	10307.1
948.885	10423.3
946.862	10480.2
944.838	10551.8
942.814	10546.8
940.788	10348
938.762	10503.5
936.736	10552.8
934.708	10685.9
932.68	10687
930.651	10585.9
928.622	10622.8
926.591	10865.2
924.56	10717.3
922.528	10772.6
920.496	10793.3
918.463	10869.4
916.429	10890.1
914.394	10999.2
912.359	10898.3
910.322	10937.4
908.286	10975.2
906.248	11091.5
904.21	11053.2
902.171	11296.9
900.131	11394.6
898.09	11260.6
896.049	11129.2
894.007	11415.4
891.964	11352.6
889.921	11593.2
887.877	11631.8
885.832	11793.9
883.786	12048.8
881.74	12160.5
879.693	12405.3
877.645	12533.9
875.596	12479.3
873.547	12323.6
871.497	12343.5
869.446	12256.2
867.394	12120.2
865.342	12257.1
863.289	12341.6
861.235	12181.4
859.181	12355.9
857.126	12265
855.07	12376.1
853.013	12473.8
850.956	12542.2
848.897	12606.9
846.838	12596.3
844.779	12749.5
842.718	12661.2
840.657	12728.2
838.595	12812.1
836.533	12905.6
834.469	12884
832.405	12972.6
830.34	13093.8
828.274	13179.9
826.208	13140
824.141	13200.6
822.073	13236.9
820.004	13301
817.935	13259.9
815.865	13386.8
813.794	13373.5
811.722	13508.6
809.65	13731.7
807.577	13420.4
805.503	13616.9
803.428	13584.2
801.353	13758.7
799.277	13888.6
797.2	13972.6
795.122	13838.8
793.044	14011.8
790.964	14016.3
788.885	14094.2
786.804	14235.6
784.722	14306.1
782.64	14410.2
780.557	14515.3
778.473	14591.6
776.389	14708.6
774.304	14682.9
772.218	14907.6
770.131	14877
768.043	14893.2
765.955	14932
763.866	15091.7
761.776	14933.1
759.686	15232.6
757.594	15212.7
755.502	15311.1
753.409	15429.7
751.316	15401.4
749.221	15527
747.126	15527.3
745.03	15631.4
742.933	15692.4
740.836	15850
738.738	15852.5
736.639	16065.8
734.539	15865.9
732.438	16018.3
730.337	16174.3
728.235	16171.9
726.132	16339.5
724.028	16447.6
721.924	16401.2
719.819	16530.5
717.713	16537.5
715.606	16710.6
713.498	16572.8
711.39	16821.6
709.281	16721.8
707.171	17039.1
705.061	17243.7
702.949	16853.7
700.837	17058.2
698.724	17184.4
696.61	17440.7
694.496	17382.2
692.381	17871
690.264	17460.3
688.148	17807
686.03	17804
683.911	17793.9
681.792	17716.5
679.672	17888
677.552	18127.8
675.43	18214.2
673.308	18259.3
671.184	18423.2
669.061	18235.1
666.936	18353.1
664.81	18603.9
662.684	18495.9
660.557	18593.6
658.429	18750
656.3	18819.4
654.171	18908.7
652.041	18899.4
649.91	18924
647.778	19253.5
645.645	19298
643.512	19527.5
641.378	19236.8
639.243	19493.1
637.107	19865.1
634.97	20016.8
632.833	20069
630.695	19796.1
628.556	19927.9
626.416	20290.8
624.276	20331.1
622.134	20177.6
619.992	20432.7
617.849	20584.9
615.705	20670.5
613.561	20737.4
