1729.68	51.1106
1727.92	8214.6
1726.16	8317.05
1724.4	8216.54
1722.63	8392.67
1720.87	8472.27
1719.11	8485.2
1717.34	8567.55
1715.58	8570.52
1713.81	8695.28
1712.05	8761.91
1710.28	8909.17
1708.51	8995.49
1706.75	9056.3
1704.98	9090.21
1703.21	9344.59
1701.44	9306.32
1699.67	9536.46
1697.9	9570.16
1696.13	9586.9
1694.36	9757.45
1692.59	9929.31
1690.81	9995.27
1689.04	10031.6
1687.27	10134.1
1685.49	10164.7
1683.72	10315
1681.94	10485
1680.17	10599.9
1678.39	10737.3
1676.61	10819.7
1674.83	11051.1
1673.06	10870.4
1671.28	10933
1669.5	10997
1667.72	11223.9
1665.94	11394.4
1664.16	11420.3
1662.37	11691.7
1660.59	11542.1
1658.81	11600.1
1657.03	11787
1655.24	11815.5
1653.46	11869.2
1651.67	12100.7
1649.89	11996
1648.1	12153.2
1646.31	12156.3
1644.53	12096.5
1642.74	12096.8
1640.95	12195
1639.16	12228.8
1637.37	12113.1
1635.58	12325.7
1633.79	12272.9
1632	12266.2
1630.21	12213.4
1628.42	12084
1626.62	12145.7
1624.83	12120.9
1623.04	12057.1
1621.24	12044.8
1619.44	11946.3
1617.65	11838.1
1615.85	11681.2
1614.06	11585.6
1612.26	11547.1
1610.46	11549
1608.66	11435.5
1606.86	11308.1
1605.06	11197.6
1603.26	11081.5
1601.46	10951.6
1599.66	11009.1
1597.86	10993.1
1596.05	10708.1
1594.25	10570.2
1592.45	10504.4
1590.64	10552.3
1588.84	10382.7
1587.03	10408.4
1585.22	10234.8
1583.42	10237
1581.61	10190.8
1579.8	9949.74
1577.99	10129
1576.18	9932.25
1574.37	9850.3
1572.56	9825.02
1570.75	9788.72
1568.94	9706.89
1567.13	9633.39
1565.32	9620.62
1563.5	9589.93
1561.69	9589.57
1559.87	9417
1558.06	9488.32
1556.24	9476.98
1554.43	9312.87
1552.61	9439.19
1550.79	9221.54
1548.97	9430.31
1547.16	9192.18
1545.34	9119.11
1543.52	9123.02
1541.7	9146.14
1539.87	9044.32
1538.05	9094.9
1536.23	8978.07
1534.41	9035.49
1532.58	8921.5
1530.76	8917.22
1528.94	8949.94
1527.11	8884.01
1525.29	8896.18
1523.46	8742.7
1521.63	8748.06
1519.8	8605.68
1517.98	8790.21
1516.15	8691.65
1514.32	8612.28
1512.49	8668.21
1510.66	8603.92
1508.83	8618.86
1506.99	8759.34
1505.16	8535.45
1503.33	8626.77
1501.5	8533.95
1499.66	8542.06
1497.83	8566.52
1495.99	8393.44
1494.16	8518.69
1492.32	8533.59
1490.48	8690.01
1488.64	8797.34
1486.81	8753.66
1484.97	8773.89
1483.13	8745.19
1481.29	8800.74
1479.45	8599.56
1477.6	8618.46
1475.76	8698.41
1473.92	8660.28
1472.08	8639.8
1470.23	8481.03
1468.39	8768.3
1466.54	8745.08
1464.7	8804.51
1462.85	8919.42
1461	9096.51
1459.16	9471.06
1457.31	9670.85
1455.46	9805.59
1453.61	9867.25
1451.76	9781.55
1449.91	9812.1
1448.06	9604.93
1446.21	9252.08
1444.36	9168.05
1442.5	9023.35
1440.65	8961.02
1438.79	8875.81
1436.94	8604.66
1435.08	8684
1433.23	8701.33
1431.37	8598.81
1429.51	8571.73
1427.66	8492.19
1425.8	8473.23
1423.94	8508.07
1422.08	8335.87
1420.22	8436.58
1418.36	8363.93
1416.5	8561.25
1414.63	8409.39
1412.77	8426.73
1410.91	8385.02
1409.04	8395.64
1407.18	8352.63
1405.31	8367.28
1403.45	8381.91
1401.58	8492.97
1399.71	8419.18
1397.85	8388.27
1395.98	8408.22
1394.11	8555.23
1392.24	8417.33
1390.37	8486.7
1388.5	8689.66
1386.63	8549.17
1384.75	8661.16
1382.88	8570.16
1381.01	8620.68
1379.13	8720.52
1377.26	8570.92
1375.38	8621.38
1373.51	8641.15
1371.63	8603.63
1369.75	8797.85
1367.88	8647.13
1366	8738.73
1364.12	8522.93
1362.24	8679.68
1360.36	8635.56
1358.48	8652.6
1356.6	8807.82
1354.71	8707.9
1352.83	8649.22
1350.95	8662.24
1349.06	8700.47
1347.18	8875.3
1345.29	8778.17
1343.41	8833.55
1341.52	9018.75
1339.63	8912.39
1337.75	8829.95
1335.86	8846.83
1333.97	8884.88
1332.08	8822.36
1330.19	8736.08
1328.3	8857.41
1326.41	8635.05
1324.51	8633.46
1322.62	8671.5
1320.73	8590.68
1318.83	8564.03
1316.94	8576.97
1315.04	8547.7
1313.15	8551.41
1311.25	8569.62
1309.35	8482.4
1307.45	8648.13
1305.56	8325.26
1303.66	8367.2
1301.76	8493.32
1299.86	8399.69
1297.95	8353.46
1296.05	8375.61
1294.15	8402.99
1292.25	8373.88
1290.34	8451.14
1288.44	8477.16
1286.53	8484.79
1284.63	8447.81
1282.72	8704.59
1280.81	8612.5
1278.91	8655.44
1277	8590.94
1275.09	8815.89
1273.18	8560.24
1271.27	8570.42
1269.36	8555.73
1267.45	8527.98
1265.53	8301.53
1263.62	8337.92
1261.71	8400.4
1259.79	8188.59
1257.88	8215.83
1255.96	8244.36
1254.05	8172.4
1252.13	8186.58
1250.21	8123.82
1248.29	8049.37
1246.37	8080.5
1244.45	8109
1242.53	8188.27
1240.61	8190.68
1238.69	8029.15
1236.77	8109.65
1234.85	7998.97
1232.92	8063.83
1231	8009.1
1229.08	8018.05
1227.15	8151.65
1225.22	8172.23
1223.3	8179.82
1221.37	8117.35
1219.44	7986.21
1217.51	8127.35
1215.58	8171.22
1213.65	8086.82
1211.72	8164.33
1209.79	8218.49
1207.86	8188.5
1205.93	8184.4
1203.99	8278.58
1202.06	8227.91
1200.13	8325.88
1198.19	8351.45
1196.25	8356.33
1194.32	8370.24
1192.38	8358.33
1190.44	8339.98
1188.5	8355.17
1186.56	8410.31
1184.62	8550.46
1182.68	8421.28
1180.74	8504.66
1178.8	8365.28
1176.86	8669.97
1174.91	8673.42
1172.97	8571.41
1171.03	8551.74
1169.08	8690.16
1167.13	8762.96
1165.19	8703.44
1163.24	8778.75
1161.29	8841.17
1159.34	8884.31
1157.39	8876.11
1155.44	9148.69
1153.49	8964.82
1151.54	9056.53
1149.59	9189.16
1147.64	9011.86
1145.68	9246.8
1143.73	9229.53
1141.78	9204.59
1139.82	9255.1
1137.86	9396.32
1135.91	9299.8
1133.95	9334.9
1131.99	9387.84
1130.03	9549.23
1128.07	9562.51
1126.11	9689.28
1124.15	9675.72
1122.19	9490.11
1120.23	9526.31
1118.27	9777.73
1116.3	9718.32
1114.34	9713.67
1112.37	9762.46
1110.41	9907.88
1108.44	9875.19
1106.47	9904.8
1104.51	9957.26
1102.54	10124
1100.57	10257.6
1098.6	10316.2
1096.63	10360.8
1094.66	10713.6
1092.69	10723.8
1090.71	10985
1088.74	11282.7
1086.77	11500.4
1084.79	11396.4
1082.82	11560.8
1080.84	11453
1078.86	11232.7
1076.89	11280.6
1074.91	11271.6
1072.93	11166.6
1070.95	11124.8
1068.97	11105.8
1066.99	11083
1065.01	11085.4
1063.03	11119.4
1061.04	11226.4
1059.06	11280.5
1057.08	11281.6
1055.09	11518.2
1053.11	11627.5
1051.12	12116.8
1049.13	12068.5
1047.14	12515.8
1045.16	12683.6
1043.17	12669.1
1041.18	12343
1039.19	11998.3
1037.2	11849.7
1035.2	11642.3
1033.21	11427.4
1031.22	11375.7
1029.22	11349.1
1027.23	11348.9
1025.23	11144.5
1023.24	11091.7
1021.24	11127.8
1019.24	11100.2
1017.25	11039.9
1015.25	11116.1
1013.25	11122.2
1011.25	10962
1009.25	11038.1
1007.24	11101.7
1005.24	11052.8
1003.24	11354.7
1001.23	11247.1
999.23	11420.3
997.225	11245.4
995.219	11298.8
993.212	11198.9
991.205	11434
989.197	11482.3
987.188	11371.2
985.178	11425.6
983.168	11354.4
981.157	11408.8
979.146	11480.6
977.133	11510.1
975.12	11576.8
973.106	11501.9
971.092	11536.3
969.077	11440.4
967.061	11586.4
965.044	11485.6
963.027	11754.2
961.009	11743.8
958.99	11683.9
956.97	11619.1
954.95	11695.4
952.929	11662.8
950.907	11661.1
948.885	11744.8
946.862	11864.2
944.838	11741.4
942.814	11812.5
940.788	11925.6
938.762	11837.4
936.736	11924.5
934.708	11970.8
932.68	12056.5
930.651	12002.9
928.622	11930.9
926.591	11909.4
924.56	12153.8
922.528	12106.4
920.496	12322.2
918.463	12320.3
916.429	12320.8
914.394	12357
912.359	12421.3
910.322	12553.2
908.286	12422.3
906.248	12439.9
904.21	12662.4
902.171	12752.2
900.131	12806.5
898.09	12750.4
896.049	13097.4
894.007	13246.9
891.964	13565.3
889.921	13937.2
887.877	14619.6
885.832	15373.5
883.786	16588.9
881.74	17830.3
879.693	19103.7
877.645	19342.2
875.596	19043.6
873.547	18367
871.497	17154.4
869.446	16102.3
867.394	15146
865.342	14797
863.289	14478.7
861.235	14298.2
859.181	14171.4
857.126	14061.7
855.07	13993.4
853.013	14088
850.956	14153.4
848.897	14155.6
846.838	14270.7
844.779	14022.8
842.718	14131.8
840.657	14180
838.595	14430.7
836.533	14232.8
834.469	14289.5
832.405	14321.8
830.34	14414.7
828.274	14675.8
826.208	14551.9
824.141	14597.4
822.073	14524.4
820.004	14621.9
817.935	14758
815.865	14691
813.794	14682.1
811.722	14711.7
809.65	14930.8
807.577	14838.5
805.503	15036.9
803.428	14910.9
801.353	15151.2
799.277	15132.5
797.2	15243.8
795.122	15357.3
793.044	15496.1
790.964	15347.4
788.885	15619.4
786.804	15714.7
784.722	15470
782.64	15668.4
780.557	15970
778.473	15925.8
776.389	15972.7
774.304	16171.9
772.218	16225.9
770.131	16332.6
768.043	16302.7
765.955	16214.2
763.866	16201.1
761.776	16463.1
759.686	16452.3
757.594	16534.8
755.502	16742.6
753.409	16878.7
751.316	16951.3
749.221	17058.5
747.126	17283.7
745.03	17127.1
742.933	17139.9
740.836	17251.6
738.738	17384.7
736.639	17335.5
734.539	17581.5
732.438	17413.2
730.337	17601.9
728.235	17675.1
726.132	17759
724.028	17763.2
721.924	17823.2
719.819	17909.3
717.713	18095
715.606	18158.3
713.498	18187.3
711.39	18307.4
709.281	18381.3
707.171	18586.6
705.061	18520.6
702.949	18426.1
700.837	18705.8
698.724	18617.2
696.61	18830.4
694.496	18889.6
692.381	18947.7
690.264	18984.4
688.148	19174.6
686.03	19194.7
683.911	19459
681.792	19427
679.672	19531.9
677.552	19733.3
675.43	19647.1
673.308	19571.5
671.184	19732.6
669.061	19646.4
666.936	19952.2
664.81	20236.5
662.684	20070.2
660.557	20086.3
658.429	20528.8
656.3	20228.8
654.171	20598.1
652.041	20541.2
649.91	20817.5
647.778	20801.5
645.645	20911
643.512	21047.4
641.378	21207.1
639.243	21150
637.107	21206.5
634.97	21507.5
632.833	21390.7
630.695	21435.4
628.556	21705.6
626.416	21876.3
624.276	21914.8
622.134	21881
619.992	21938.2
617.849	22077
615.705	22240.1
613.561	22277.3
