1729.68	17.0369
1727.92	8089.67
1726.16	8072.93
1724.4	8105.87
1722.63	8116.08
1720.87	8276.6
1719.11	8247.06
1717.34	8370.58
1715.58	8485.53
1713.81	8526.75
1712.05	8556.63
1710.28	8586.48
1708.51	8937.48
1706.75	8926.18
1704.98	8879.53
1703.21	9102.89
1701.44	9126.86
1699.67	9224.27
1697.9	9389.4
1696.13	9524.78
1694.36	9531.65
1692.59	9769.89
1690.81	9865.52
1689.04	9908.93
1687.27	9981.9
1685.49	10023.8
1683.72	10255.9
1681.94	10425.8
1680.17	10463.4
1678.39	10462.8
1676.61	10636.8
1674.83	10948.4
1673.06	10780.5
1671.28	11003.3
1669.5	10991.4
1667.72	11125.5
1665.94	11328.4
1664.16	11250.4
1662.37	11199.1
1660.59	11415.8
1658.81	11647.8
1657.03	11773
1655.24	11697.8
1653.46	11674.5
1651.67	11855.6
1649.89	11952.6
1648.1	11881.6
1646.31	11868.1
1644.53	11826.5
1642.74	12078.6
1640.95	11851.1
1639.16	11932.6
1637.37	11988.8
1635.58	11941.7
1633.79	11993.7
1632	11918.7
1630.21	11827
1628.42	11978
1626.62	11783.2
1624.83	11630.2
1623.04	11554.1
1621.24	11532.2
1619.44	11486.8
1617.65	11421.8
1615.85	11318
1614.06	11139.1
1612.26	11120.2
1610.46	11052.7
1608.66	10989.3
1606.86	10706.5
1605.06	10842
1603.26	10569.1
1601.46	10628.2
1599.66	10373.6
1597.86	10432.7
1596.05	10210.2
1594.25	10205.6
1592.45	10257.7
1590.64	10035.5
1588.84	10033.7
1587.03	9723.08
1585.22	9657.67
1583.42	9581.22
1581.61	9583.66
1579.8	9680.11
1577.99	9432.33
1576.18	9444.48
1574.37	9343.35
1572.56	9231.24
1570.75	9232.4
1568.94	9167.31
1567.13	9200.21
1565.32	9008.29
1563.5	8991.59
1561.69	8947.33
1559.87	8896.21
1558.06	9015.9
1556.24	8849.13
1554.43	8977.02
1552.61	8824.13
1550.79	8737.35
1548.97	8799.15
1547.16	8730.31
1545.34	8750.83
1543.52	8496.59
1541.7	8596.82
1539.87	8583.05
1538.05	8556.92
1536.23	8430.66
1534.41	8526.67
1532.58	8337.42
1530.76	8345.67
1528.94	8260.74
1527.11	8211.48
1525.29	8271.79
1523.46	8177.38
1521.63	8177.45
1519.8	8146.05
1517.98	8121.51
1516.15	8107.92
1514.32	8149.01
1512.49	8110.82
1510.66	7986.62
1508.83	7979.92
1506.99	8020.98
1505.16	7985.61
1503.33	7961.18
1501.5	8021.29
1499.66	7909.62
1497.83	7690.38
1495.99	7948.03
1494.16	7795.64
1492.32	7829.83
1490.48	7741.53
1488.64	7779.81
1486.81	7751.41
1484.97	7852.19
1483.13	7788.45
1481.29	7766.88
1479.45	7633.94
1477.6	7718.33
1475.76	7714.43
1473.92	7734.96
1472.08	7670.02
1470.23	7697.33
1468.39	7614.82
1466.54	7800.66
1464.7	7753.39
1462.85	7676.36
1461	7675.18
1459.16	7684.83
1457.31	7686.36
1455.46	7759.55
1453.61	7719.14
1451.76	7747.67
1449.91	7804.56
1448.06	7806.03
1446.21	7754.85
1444.36	7775.23
1442.5	7803.69
1440.65	7848.31
1438.79	7845.72
1436.94	7632.86
1435.08	7781.24
1433.23	7786.75
1431.37	7563.34
1429.51	7711.59
1427.66	7632.34
1425.8	7715.9
1423.94	7619.21
1422.08	7531.99
1420.22	7682.69
1418.36	7674.77
1416.5	7657.45
1414.63	7591.81
1412.77	7707.39
1410.91	7676.65
1409.04	7702.27
1407.18	7719.82
1405.31	7691.78
1403.45	7665.11
1401.58	7761.67
1399.71	7563.6
1397.85	7773.9
1395.98	7668.29
1394.11	7778.09
1392.24	7727.36
1390.37	7818.35
1388.5	7883.9
1386.63	7811.8
1384.75	7839.91
1382.88	7754.53
1381.01	7994.82
1379.13	7822.72
1377.26	7960.14
1375.38	7840.16
1373.51	7930.83
1371.63	8077.39
1369.75	7880.25
1367.88	7973.47
1366	8004.07
1364.12	7933.54
1362.24	8045.27
1360.36	8139.63
1358.48	7986.71
1356.6	8035.85
1354.71	7990.66
1352.83	7938.85
1350.95	7937.51
1349.06	7914.95
1347.18	7965.35
1345.29	8039.59
1343.41	8023.63
1341.52	8067.31
1339.63	8042.08
1337.75	8161.21
1335.86	8036.68
1333.97	8114.7
1332.08	8015.4
1330.19	7994.19
1328.3	8011.33
1326.41	7980.88
1324.51	7871.18
1322.62	8036.26
1320.73	7790.63
1318.83	7791.96
1316.94	7802.53
1315.04	7828.91
1313.15	7683.88
1311.25	7840.76
1309.35	7685.28
1307.45	7788.06
1305.56	7798.59
1303.66	7740.68
1301.76	7632.8
1299.86	7792.01
1297.95	7602.66
1296.05	7565.91
1294.15	7525.25
1292.25	7688.21
1290.34	7659.34
1288.44	7514.98
1286.53	7480.94
1284.63	7500.71
1282.72	7512.59
1280.81	7528.4
1278.91	7557.3
1277	7491.85
1275.09	7630.74
1273.18	7642.55
1271.27	7636.03
1269.36	7535.32
1267.45	7557.61
1265.53	7599.49
1263.62	7701.46
1261.71	7559.06
1259.79	7557.79
1257.88	7684.47
1255.96	7655.75
1254.05	7490.07
1252.13	7452.3
1250.21	7440.64
1248.29	7431.59
1246.37	7610.16
1244.45	7577.61
1242.53	7558.1
1240.61	7452.7
1238.69	7558.15
1236.77	7634.91
1234.85	7451.57
1232.92	7482.83
1231	7545.24
1229.08	7556.95
1227.15	7505.02
1225.22	7515.44
1223.3	7649.11
1221.37	7677.63
1219.44	7633.51
1217.51	7589.42
1215.58	7572.57
1213.65	7554.43
1211.72	7660.62
1209.79	7700.71
1207.86	7730.42
1205.93	7714.84
1203.99	7775.55
1202.06	7871.13
1200.13	7683.64
1198.19	7860.57
1196.25	7953.43
1194.32	7775.13
1192.38	7941.51
1190.44	7978.78
1188.5	7952.82
1186.56	7938.49
1184.62	8013.08
1182.68	7887.94
1180.74	8044.92
1178.8	8139.99
1176.86	7991.76
1174.91	8142.1
1172.97	8077.57
1171.03	8232.92
1169.08	8014.17
1167.13	8225.96
1165.19	8253.94
1163.24	8443.67
1161.29	8398.41
1159.34	8251.82
1157.39	8347.72
1155.44	8433.3
1153.49	8526.51
1151.54	8596.59
1149.59	8583.38
1147.64	8483.11
1145.68	8583.84
1143.73	8643.56
1141.78	8764.63
1139.82	8626.08
1137.86	8848.03
1135.91	8723.59
1133.95	8848.29
1131.99	8757.13
1130.03	8834.5
1128.07	8919.48
1126.11	8725.07
1124.15	8895.44
1122.19	8940.79
1120.23	9028.15
1118.27	9060.67
1116.3	9057.53
1114.34	9011.11
1112.37	9195.01
1110.41	9162.56
1108.44	9149.21
1106.47	9129.5
1104.51	9177.15
1102.54	9168.88
1100.57	9299
1098.6	9255.15
1096.63	9348.35
1094.66	9409.78
1092.69	9365.93
1090.71	9475.47
1088.74	9544.39
1086.77	9529.66
1084.79	9449.11
1082.82	9928.04
1080.84	9599.4
1078.86	9738.98
1076.89	9768.45
1074.91	9767.57
1072.93	9828.59
1070.95	9847.89
1068.97	9908.84
1066.99	9941.98
1065.01	10031.9
1063.03	10001.9
1061.04	10108.1
1059.06	10012.5
1057.08	10245.9
1055.09	10259.9
1053.11	10248.8
1051.12	10377.3
1049.13	10161.1
1047.14	10246.8
1045.16	10314.9
1043.17	10281.1
1041.18	10374.2
1039.19	10400.7
1037.2	10426
1035.2	10392.2
1033.21	10475.1
1031.22	10387.4
1029.22	10460.2
1027.23	10525.5
1025.23	10508
1023.24	10561.9
1021.24	10573.2
1019.24	10544.5
1017.25	10562
1015.25	10613.3
1013.25	10605.8
1011.25	10697.1
1009.25	10673.3
1007.24	10672.1
1005.24	10714.5
1003.24	10667
1001.23	10821.7
999.23	10902.7
997.225	10962.4
995.219	11000.9
993.212	11025.7
991.205	11082.8
989.197	11131.2
987.188	11046.4
985.178	11169.4
983.168	11161.7
981.157	11166.4
979.146	11214.7
977.133	11161
975.12	11138.4
973.106	11295.9
971.092	11311.7
969.077	11300.3
967.061	11224.3
965.044	11225.3
963.027	11345.2
961.009	11188.8
958.99	11354.5
956.97	11362.9
954.95	11348.9
952.929	11385.7
950.907	11343.3
948.885	11438.2
946.862	11346.4
944.838	11467.1
942.814	11535.9
940.788	11520.7
938.762	11654.8
936.736	11614.9
934.708	11636.6
932.68	11710.1
930.651	11498.9
928.622	11695.6
926.591	11812.1
924.56	11832.5
922.528	11727.4
920.496	11952
918.463	11989.5
916.429	11905.4
914.394	11965
912.359	11887
910.322	12208.2
908.286	12072.5
906.248	12119.7
904.21	12043
902.171	12312.1
900.131	12156.9
898.09	12246.9
896.049	12317.2
894.007	12310.4
891.964	12376.9
889.921	12476.5
887.877	12407.2
885.832	12620.4
883.786	12835.8
881.74	12789.7
879.693	12921.8
877.645	12901.3
875.596	13011.4
873.547	13227.5
871.497	13228.9
869.446	13405.8
867.394	13238.9
865.342	13340.1
863.289	13349.9
861.235	13459.5
859.181	13363.4
857.126	13589.7
855.07	13522.8
853.013	13635.8
850.956	13776.7
848.897	13697.7
846.838	13899.1
844.779	13971.8
842.718	14114.8
840.657	14051.5
838.595	13994.3
836.533	14109.2
834.469	13968.4
832.405	14217.7
830.34	14256.1
828.274	14368.4
826.208	14417.6
824.141	14228.6
822.073	14532.9
820.004	14405.6
817.935	14722.9
815.865	14637.9
813.794	14575.8
811.722	14843.3
809.65	14913.9
807.577	14748.1
805.503	14641.5
803.428	14841
801.353	15087.4
799.277	14921.8
797.2	15224.5
795.122	15468
793.044	15502.1
790.964	15482
788.885	15594.2
786.804	15515.2
784.722	15707.8
782.64	15691.2
780.557	15882.4
778.473	15900.6
776.389	16050.7
774.304	16028.1
772.218	16394.9
770.131	16150.5
768.043	16384.2
765.955	16490.7
763.866	16422.5
761.776	16668.9
759.686	16679.5
757.594	16643.6
755.502	16802.4
753.409	16857.2
751.316	17088.6
749.221	16984.5
747.126	17119.1
745.03	17210.6
742.933	17230.5
740.836	17442.3
738.738	17388.3
736.639	17554.6
734.539	17429.1
732.438	17645.3
730.337	17688.8
728.235	17739.4
726.132	17820.8
724.028	17835.7
721.924	18193.8
719.819	18117.1
717.713	18302.7
715.606	18390.9
713.498	18349.8
711.39	18488.9
709.281	18786.7
707.171	18480
705.061	18812
702.949	18664.1
700.837	18957.9
698.724	18926.1
696.61	19123.7
694.496	19156.8
692.381	19174.6
690.264	19140.3
688.148	19374.2
686.03	19566.5
683.911	19692.7
681.792	19681.9
679.672	19602.6
677.552	19776.9
675.43	19928.7
673.308	20014.4
671.184	20198.9
669.061	19993.7
666.936	20193.4
664.81	20277.6
662.684	20397.1
660.557	20323.7
658.429	20615.8
656.3	20343.9
654.171	20764.8
652.041	20622.2
649.91	20788.1
647.778	21016.1
645.645	21211.1
643.512	21397.8
641.378	21644
639.243	21364.3
637.107	21609.2
634.97	21539.1
632.833	21789.6
630.695	21866.8
628.556	22025.8
626.416	22139.1
624.276	22230.2
622.134	22197.3
619.992	22311.6
617.849	22572.8
615.705	22502.5
613.561	22745.9
