1729.72	45.4322
1727.96	20871.8
1726.2	20641
1724.44	20579.2
1722.67	20586.9
1720.91	20505.3
1719.15	20585.3
1717.38	20629.8
1715.62	20596.4
1713.85	20570.1
1712.09	20627.3
1710.32	20431.2
1708.55	20610.1
1706.79	20752.1
1705.02	20653.6
1703.25	20398.3
1701.48	20588.3
1699.71	20529.6
1697.94	20482.1
1696.17	20489.8
1694.4	20711.9
1692.63	20526.2
1690.85	20908.9
1689.08	20609.1
1687.31	20611
1685.53	20728.5
1683.76	20710.6
1681.98	20605.5
1680.21	20963.6
1678.43	20933
1676.65	20798.3
1674.87	20684.8
1673.1	20841.4
1671.32	20749
1669.54	20714.3
1667.76	20661.4
1665.98	20845.8
1664.2	20849
1662.41	20650.1
1660.63	20593
1658.85	20541.6
1657.07	20484.6
1655.28	20651.8
1653.5	20527.6
1651.71	20491.6
1649.93	20577.5
1648.14	20460.3
1646.35	20420.2
1644.57	20362
1642.78	20352.7
1640.99	20065.2
1639.2	20526.9
1637.41	20000.7
1635.62	20371.4
1633.83	20089.8
1632.04	19998.2
1630.25	19869.1
1628.46	19680
1626.66	19732.2
1624.87	19502.9
1623.08	19753
1621.28	19579.6
1619.49	19584.4
1617.69	19276.1
1615.89	19258.7
1614.1	19237.3
1612.3	19235.2
1610.5	18812
1608.7	18794.8
1606.9	18662.3
1605.1	18735.5
1603.3	18400.4
1601.5	18366.7
1599.7	18188.8
1597.9	18051.1
1596.09	18121.6
1594.29	18315.4
1592.49	18137.6
1590.68	18065.3
1588.88	17886.3
1587.07	17785
1585.27	17649.2
1583.46	17554.9
1581.65	17705.6
1579.84	17453.7
1578.03	17265.6
1576.22	17465.9
1574.41	17186.8
1572.6	17391.1
1570.79	17177.1
1568.98	17143.9
1567.17	17218.4
1565.36	17109.3
1563.54	17296.8
1561.73	17070.7
1559.92	16966
1558.1	17153.3
1556.28	17151.9
1554.47	16798.1
1552.65	16806.4
1550.83	16510.7
1549.02	16565.8
1547.2	16691
1545.38	16546.8
1543.56	16603.2
1541.74	16699.5
1539.92	16460.6
1538.1	16400.4
1536.27	16322.3
1534.45	16223.8
1532.63	16139
1530.8	16206.3
1528.98	16129.8
1527.15	15976.6
1525.33	15997.4
1523.5	15713
1521.67	15917.2
1519.85	15813.5
1518.02	15570.4
1516.19	15789.5
1514.36	15563
1512.53	15564.7
1510.7	15446.3
1508.87	15412.6
1507.04	15306.5
1505.2	15201.9
1503.37	15130.1
1501.54	15151.1
1499.7	15095.7
1497.87	14955.8
1496.03	15039.5
1494.2	14914.7
1492.36	14987.4
1490.52	14896.8
1488.69	14721.8
1486.85	14707.5
1485.01	14508.2
1483.17	14718.2
1481.33	14491.9
1479.49	14453.2
1477.65	14462
1475.81	14436.9
1473.96	14357.5
1472.12	14366.4
1470.28	14264
1468.43	14220
1466.59	14158.4
1464.74	14152.4
1462.89	14284.5
1461.05	14197.2
1459.2	14411.8
1457.35	13880.8
1455.5	13927.6
1453.65	14171.8
1451.8	13868.4
1449.95	13840.9
1448.1	13825.5
1446.25	13781.8
1444.4	13820.4
1442.55	13798.3
1440.69	13834.2
1438.84	13790.5
1436.98	13761.7
1435.13	13679
1433.27	13655.6
1431.41	13472
1429.56	13610.2
1427.7	13593.6
1425.84	13540.7
1423.98	13459.5
1422.12	13343.5
1420.26	13449.2
1418.4	13310.4
1416.54	13357.1
1414.68	13331.1
1412.81	13401.9
1410.95	13384
1409.09	13256.2
1407.22	13208.9
1405.36	13402.8
1403.49	13285.8
1401.62	13415.3
1399.76	13172.5
1397.89	13339.5
1396.02	13284.2
1394.15	13242.3
1392.28	13235.2
1390.41	13197.4
1388.54	13373.4
1386.67	13397
1384.8	13429.9
1382.93	13502.8
1381.05	13406.3
1379.18	13603.2
1377.3	13336
1375.43	13375.5
1373.55	13379
1371.68	13465.1
1369.8	13504.6
1367.92	13489.4
1366.04	13385.1
1364.16	13439.2
1362.28	13440
1360.4	13451.4
1358.52	13413.7
1356.64	13377.3
1354.76	13412.7
1352.88	13632.6
1350.99	13398.4
1349.11	13237.3
1347.22	13455.7
1345.34	13367.7
1343.45	13383
1341.57	13371.9
1339.68	13371.4
1337.79	13388.1
1335.9	13361.1
1334.01	13146.2
1332.12	13037.3
1330.23	13110.9
1328.34	13325.9
1326.45	13174.8
1324.56	12887.6
1322.67	13010
1320.77	12976.6
1318.88	12807.3
1316.98	12917.7
1315.09	12855.4
1313.19	12629.5
1311.29	12779.5
1309.4	12466.8
1307.5	12390.2
1305.6	12403.1
1303.7	12252.8
1301.8	12148.7
1299.9	12228.8
1298	11998.5
1296.1	11863
1294.19	11895.7
1292.29	11941.6
1290.39	11950.7
1288.48	11948
1286.58	11790.4
1284.67	11594.9
1282.76	11702.4
1280.86	11676.2
1278.95	11537.2
1277.04	11507.1
1275.13	11556.9
1273.22	11499.3
1271.31	11274.3
1269.4	11201.1
1267.49	11349
1265.58	11343.8
1263.66	11256.3
1261.75	11323.1
1259.84	11283.9
1257.92	11195.2
1256.01	11045.3
1254.09	11044.1
1252.17	11062.5
1250.26	10955.8
1248.34	11026.3
1246.42	10991.3
1244.5	11033.1
1242.58	11158.3
1240.66	10865.5
1238.74	10951.6
1236.82	11054.5
1234.89	10950.6
1232.97	10932.6
1231.05	10891.2
1229.12	10910.8
1227.2	10959
1225.27	10955.3
1223.34	10930.8
1221.42	10912.8
1219.49	10910.3
1217.56	11010.3
1215.63	10902.9
1213.7	11164.7
1211.77	10947.2
1209.84	11031.5
1207.91	11118.3
1205.97	11057.6
1204.04	11078.3
1202.11	11121.1
1200.17	11013.9
1198.24	11274.9
1196.3	11243.9
1194.36	11277.5
1192.43	11280.1
1190.49	11298.1
1188.55	11317.5
1186.61	11237.5
1184.67	11302
1182.73	11329
1180.79	11305.8
1178.85	11294.2
1176.9	11424.1
1174.96	11362.3
1173.02	11551.3
1171.07	11540.9
1169.13	11345.4
1167.18	11475.1
1165.23	11400.5
1163.29	11500.6
1161.34	11608.3
1159.39	11561.9
1157.44	11509.2
1155.49	11569.3
1153.54	11548.7
1151.59	11520.4
1149.64	11639.3
1147.68	11699.3
1145.73	11701.7
1143.78	11562
1141.82	11547.8
1139.87	11693.4
1137.91	11735.3
1135.95	11779.8
1134	11779.6
1132.04	11706.5
1130.08	11786.7
1128.12	11812
1126.16	11813
1124.2	11720.9
1122.24	11793.3
1120.28	11807.1
1118.31	11820.8
1116.35	11833.3
1114.39	11864.8
1112.42	11837.8
1110.45	11935.4
1108.49	11867.7
1106.52	11952.5
1104.55	11860.7
1102.59	12119.5
1100.62	12006.1
1098.65	11966.4
1096.68	11955.8
1094.71	12097.5
1092.73	11956.4
1090.76	12048.6
1088.79	12138.1
1086.81	12022.4
1084.84	11937.2
1082.86	12083.7
1080.89	11974.4
1078.91	12003.1
1076.93	12021.7
1074.96	12089.5
1072.98	11986.8
1071	12009.1
1069.02	12074.3
1067.04	11976.7
1065.06	11925.9
1063.07	12220.6
1061.09	12099.1
1059.11	11977.6
1057.12	11852.5
1055.14	11960.4
1053.15	12054.4
1051.17	11935.7
1049.18	12073.7
1047.19	12040.5
1045.2	12182.1
1043.22	12054.7
1041.23	11981.3
1039.24	12115.3
1037.24	12134.9
1035.25	12159.5
1033.26	11928.1
1031.27	12000.5
1029.27	12077.7
1027.28	11935.6
1025.28	12040.4
1023.29	11817
1021.29	11891.7
1019.29	11802.4
1017.29	11794.5
1015.3	11872.9
1013.3	11800
1011.3	12032
1009.29	11804.1
1007.29	11853.7
1005.29	12139.2
1003.29	12182.3
1001.28	12256.6
999.279	12113.8
997.273	11940
995.267	11899.6
993.261	12012.6
991.253	12040.7
989.245	11982.9
987.237	11810.7
985.227	11903.5
983.217	11879.4
981.206	11921.2
979.194	11807.6
977.182	11882.9
975.169	11917.2
973.155	11822.4
971.141	11814.5
969.126	11502.6
967.11	11746.6
965.093	11815.5
963.076	11549.9
961.058	11799.7
959.039	11694
957.019	11630.4
954.999	11606.5
952.978	11583.8
950.957	11491.9
948.934	11659.6
946.911	11704.9
944.887	11427.7
942.863	11505.2
940.838	11607.2
938.812	11643.8
936.785	11560.7
934.758	11562.8
932.729	11599.3
930.701	11603.8
928.671	11555.4
926.641	11636.2
924.61	11499.1
922.578	11549.1
920.545	11525.3
918.512	11534.7
916.478	11512.2
914.444	11538.8
912.408	11513.8
910.372	11544.1
908.335	11639.3
906.298	11624.1
904.259	11594.2
902.22	11671
900.181	11536.9
898.14	11698.2
896.099	11659.7
894.057	11539.2
892.014	11716.2
889.971	11692.4
887.927	11634.4
885.882	11646.1
883.836	11711.6
881.79	11692.8
879.743	11826.6
877.695	11702.7
875.646	11785.1
873.597	11728.4
871.547	11692.5
869.496	11649.3
867.445	11604.9
865.392	11538.6
863.339	11517.4
861.286	11658.1
859.231	11584.5
857.176	11554.8
855.12	11491.1
853.063	11552.6
851.006	11443.9
848.948	11727.6
846.889	11536.4
844.829	11620.9
842.769	11666.4
840.708	11674.3
838.646	11739.2
836.583	11730.1
834.52	11707.7
832.456	11705.9
830.391	11701.7
828.325	11848.7
826.259	11496
824.192	11701.1
822.124	11794.8
820.055	11765.1
817.986	11599
815.916	11736.1
813.845	11770.4
811.773	11667.2
809.701	11748.6
807.628	11769.7
805.554	11784.7
803.479	11664.8
801.404	11782.2
799.328	11741.8
797.251	11727.9
795.173	11698.4
793.095	11875.7
791.016	11847.4
788.936	11924.8
786.855	11896.4
784.774	11896.9
782.692	12071.5
780.609	12005.8
778.525	11819.1
776.44	11914.3
774.355	12005.9
772.269	11997.9
770.182	12109.8
768.095	12105.4
766.007	12153.6
763.918	12094.1
761.828	12123.2
759.737	12475.1
757.646	12268.6
755.554	12390.7
753.461	12350.4
751.367	12523.8
749.273	12433.2
747.178	12390.5
745.082	12481.4
742.985	12561.5
740.888	12533
738.79	12493.9
736.691	12481
734.591	12576.4
732.49	12638.5
730.389	12627.9
728.287	12745.7
726.184	12665
724.08	12775.6
721.976	12867.1
719.871	12689
717.765	12800.7
715.658	12883.8
713.551	12761.6
711.442	12797.2
709.333	12789
707.224	12757
705.113	12950.1
703.002	12860.1
700.89	12712.1
698.777	12822.2
696.663	12848.3
694.548	12810.4
692.433	12842.3
690.317	13036.1
688.2	12779.7
686.083	12950.9
683.964	12884.7
681.845	13152.5
679.725	13073.3
677.604	13103.9
675.483	13141.4
673.36	13073
671.237	13192.9
669.113	13142.1
666.989	13166.7
664.863	13259.4
662.737	13180.5
660.61	13268.4
658.482	13296.4
656.354	13290.3
654.224	13223.1
652.094	13253.4
649.963	13510.1
647.831	13478.1
645.699	13620.8
643.565	13612.3
641.431	13601.3
639.296	13677.1
637.16	13662.6
635.024	13688
632.886	13885.2
630.748	13825.1
628.609	14042
626.47	13934
624.329	13928.8
622.188	14045
620.046	14190.3
617.903	14130.2
615.759	14183.2
613.614	14163.9
