1719.71	85.029
1717.94	15313.7
1716.18	15178.6
1714.41	15199.3
1712.65	15166.2
1710.88	15192.6
1709.11	15097.2
1707.35	15310.3
1705.58	15222
1703.81	15402.4
1702.04	15232.2
1700.27	15556.6
1698.5	15409
1696.73	15480.4
1694.96	15438.8
1693.19	15645.6
1691.41	15619.5
1689.64	15745.7
1687.87	15663.2
1686.09	15552.5
1684.32	15747.6
1682.54	15641.3
1680.77	15819.3
1678.99	15936.8
1677.21	15726.3
1675.44	15916.8
1673.66	15707.9
1671.88	15919.4
1670.1	16005.6
1668.32	15886.8
1666.54	16142.9
1664.76	15946.9
1662.98	16013.4
1661.2	16116.3
1659.41	15840.5
1657.63	15992.5
1655.85	15970.6
1654.06	15772.2
1652.28	15936.6
1650.49	15746.7
1648.71	15979.7
1646.92	15775.9
1645.13	16036.6
1643.34	15986.8
1641.56	15813.9
1639.77	15864.8
1637.98	15880.6
1636.19	16147.9
1634.4	15871.9
1632.61	15928.2
1630.81	15937.1
1629.02	15853.9
1627.23	15659.2
1625.44	15870.2
1623.64	15741.1
1621.85	15673.4
1620.05	15721.3
1618.26	15547.8
1616.46	15612.4
1614.66	15759.1
1612.87	15562.1
1611.07	15380.5
1609.27	15488.1
1607.47	15298.4
1605.67	15283.7
1603.87	15306.6
1602.07	15197.6
1600.27	15249.6
1598.47	15068.5
1596.66	15090
1594.86	15042.1
1593.06	15105.2
1591.25	14906.4
1589.45	14975
1587.64	15042.2
1585.83	14885.1
1584.03	15163.9
1582.22	14821.5
1580.41	15025.5
1578.6	14846.5
1576.79	14793.3
1574.98	14754
1573.17	14706.5
1571.36	14747.3
1569.55	14647.3
1567.74	14721.2
1565.93	14528.8
1564.11	14899.2
1562.3	14797.9
1560.49	14638.7
1558.67	14558.2
1556.86	14581.1
1555.04	14508.9
1553.22	14612.9
1551.41	14509.1
1549.59	14338
1547.77	14385.6
1545.95	14446.9
1544.13	14471
1542.31	14260.3
1540.49	14215.9
1538.67	14285.4
1536.85	14319.1
1535.02	14123.8
1533.2	14233
1531.38	14255.8
1529.55	14073
1527.73	14212.3
1525.9	14146
1524.08	14153.8
1522.25	13993.1
1520.42	14091.2
1518.59	14085.2
1516.76	14060.1
1514.94	13794.5
1513.11	13925.2
1511.28	13821
1509.44	13828.8
1507.61	13911.6
1505.78	13726.9
1503.95	13759.3
1502.11	13816.1
1500.28	13742.1
1498.45	13756.7
1496.61	13786.2
1494.77	13750.4
1492.94	13886.1
1491.1	13804
1489.26	13732.8
1487.43	13784.1
1485.59	13733.3
1483.75	13751.9
1481.91	13659.1
1480.07	13631.5
1478.23	13621.6
1476.38	13633.4
1474.54	13709
1472.7	13750.6
1470.85	13587.4
1469.01	13596.5
1467.17	13616.4
1465.32	13717.6
1463.47	13756.4
1461.63	13646.3
1459.78	13767.7
1457.93	13769.9
1456.08	13850.6
1454.24	13760.8
1452.39	13799.5
1450.54	13727.4
1448.68	13883.6
1446.83	13748.1
1444.98	13796.2
1443.13	13814.6
1441.27	13694
1439.42	13867.5
1437.57	13798.2
1435.71	13769.4
1433.85	13931.8
1432	13816.8
1430.14	14046.5
1428.28	14128
1426.43	13871.7
1424.57	13937
1422.71	14009.1
1420.85	14055.5
1418.99	13931.2
1417.12	14085.1
1415.26	13936.8
1413.4	14063.7
1411.54	14008
1409.67	14149.6
1407.81	14191.8
1405.94	14176.4
1404.08	14324.4
1402.21	14702.8
1400.34	14594.8
1398.48	14846.9
1396.61	14681.4
1394.74	14792.9
1392.87	15024.7
1391	15224.2
1389.13	15261.9
1387.26	15427.8
1385.39	15628.4
1383.51	15783.4
1381.64	15935.6
1379.77	16262.5
1377.89	16407.8
1376.02	16565
1374.14	16919.3
1372.27	17269.4
1370.39	17145.1
1368.51	17606.7
1366.63	17732.6
1364.75	17913
1362.87	18010.7
1360.99	18492.7
1359.11	18369.6
1357.23	18549.4
1355.35	18713.3
1353.47	18372.4
1351.59	18086.1
1349.7	18090.6
1347.82	17876.3
1345.93	17442
1344.05	17434.8
1342.16	16951.8
1340.27	16654.7
1338.38	16127.3
1336.5	15970.9
1334.61	15794.8
1332.72	15457.4
1330.83	15269.7
1328.94	15248.7
1327.05	15009.6
1325.15	14962.3
1323.26	14642.9
1321.37	14577.2
1319.47	14498.4
1317.58	14534.4
1315.68	14247.2
1313.79	14214.7
1311.89	14192.8
1309.99	14261.8
1308.1	14113.4
1306.2	14131.1
1304.3	14269.8
1302.4	14307.1
1300.5	14306.2
1298.6	14517
1296.7	14562.1
1294.79	14529.5
1292.89	14681
1290.99	14962.3
1289.08	15016.3
1287.18	15076.9
1285.27	15298.7
1283.37	15498.1
1281.46	15663.3
1279.55	16243.9
1277.64	16332.7
1275.73	16608.8
1273.82	17058.8
1271.91	17431.2
1270	17863.6
1268.09	18209.4
1266.18	18526.2
1264.27	19142.1
1262.35	19693.5
1260.44	20294.2
1258.53	20586.3
1256.61	21203.2
1254.69	21592.7
1252.78	21828
1250.86	22081.3
1248.94	22176.8
1247.02	22363.4
1245.11	22284.1
1243.19	22154.2
1241.27	21840.7
1239.34	21720
1237.42	21481.1
1235.5	21071.9
1233.58	20830.7
1231.65	20315.5
1229.73	19814.9
1227.8	19278.3
1225.88	19056.2
1223.95	18616.3
1222.02	18210.4
1220.1	17999.2
1218.17	17811.6
1216.24	17364.8
1214.31	17169.8
1212.38	17083.6
1210.45	16953.5
1208.52	16829.9
1206.58	16608.1
1204.65	16762.7
1202.72	16859.1
1200.78	16669.8
1198.85	16653.8
1196.91	16636.4
1194.98	16735.3
1193.04	16832.8
1191.1	17072.2
1189.16	16928.3
1187.22	17193.3
1185.28	17433.5
1183.34	17159.6
1181.4	17658.6
1179.46	18064.5
1177.52	18333.7
1175.58	18816.4
1173.63	19347.5
1171.69	20019.8
1169.74	20915.2
1167.8	21677.7
1165.85	22701.6
1163.9	23679.9
1161.96	24423.9
1160.01	25127.7
1158.06	25965.6
1156.11	26450.3
1154.16	26725.7
1152.21	26935.6
1150.26	27112
1148.3	27196.2
1146.35	26687.6
1144.4	26430.1
1142.44	26527.1
1140.49	26234.1
1138.53	25796.8
1136.58	25791.7
1134.62	25463.4
1132.66	24989.8
1130.7	24526.7
1128.74	24242.6
1126.78	23532.6
1124.82	22973.6
1122.86	22273.4
1120.9	21487.1
1118.94	20883.5
1116.97	20239.6
1115.01	19445.8
1113.05	19336
1111.08	18928.6
1109.11	18433.7
1107.15	18218.8
1105.18	18033.3
1103.21	17827.6
1101.24	17881.1
1099.27	17902.8
1097.3	17590.8
1095.33	17717.8
1093.36	17706.6
1091.39	17741
1089.42	17886.9
1087.44	17868
1085.47	17896
1083.49	17853
1081.52	17993.6
1079.54	18156.8
1077.57	18036.7
1075.59	18193.4
1073.61	18307.1
1071.63	18644.4
1069.65	18466.1
1067.67	18746.2
1065.69	18777.5
1063.71	19063.6
1061.72	18919.5
1059.74	19171.3
1057.76	19133.1
1055.77	19278.8
1053.79	19343.9
1051.8	19129.4
1049.82	19361.8
1047.83	19186.4
1045.84	19023.8
1043.85	19057.3
1041.86	19173.8
1039.87	18968.6
1037.88	18690.7
1035.89	18793.3
1033.9	18445.4
1031.9	18333.6
1029.91	17984.8
1027.92	18024.9
1025.92	17869.4
1023.93	17720.3
1021.93	17393.5
1019.93	17268.5
1017.93	17259.9
1015.94	17117.5
1013.94	16940.1
1011.94	17147.9
1009.94	16869.5
1007.93	16651.2
1005.93	16591.6
1003.93	16656.9
1001.93	16486.3
999.922	16500.5
997.917	16680.4
995.911	16225.8
993.905	16422
991.898	16244.3
989.89	16395.4
987.882	16405.8
985.873	16299.2
983.863	16289.7
981.852	16220.5
979.841	16270.7
977.829	16528.4
975.816	16234.4
973.803	16375.2
971.789	16275
969.774	16349.9
967.758	16309.4
965.742	16195.7
963.725	16462.7
961.707	16490.3
959.689	16558.8
957.67	16711.4
955.65	16425.7
953.629	16351.8
951.608	16552.6
949.586	16680.2
947.563	16615
945.54	16719
943.516	16637.7
941.491	16628.1
939.465	16817.2
937.439	16860.6
935.412	16857
933.384	16939.8
931.356	17010.2
929.326	17182.8
927.296	17234.5
925.266	17312.1
923.234	17336.7
921.202	17485.5
919.169	17462.1
917.136	17658.7
915.102	17796.2
913.067	17702.6
911.031	17997.1
908.994	18028.8
906.957	18103.3
904.919	17964.3
902.881	18128.4
900.841	18207.7
898.801	18310.3
896.76	18287.8
894.719	18582.5
892.676	18416.7
890.633	18490.8
888.59	18590.6
886.545	18784.5
884.5	18753.3
882.454	18855.4
880.407	18766.8
878.36	18898
876.312	19102.4
874.263	19262.7
872.213	19435.1
870.163	19781.7
868.111	19625.9
866.06	20067.2
864.007	20185.4
861.954	20693.2
859.9	20830.6
857.845	21203.9
855.789	21497.9
853.733	21848.8
851.676	22357.4
849.618	22768.5
847.56	23216.9
845.5	23508.4
843.44	23786.4
841.38	24135.7
839.318	24635.1
837.256	24915.9
835.193	25194.1
833.129	25577.5
831.065	25862.6
828.999	26011.8
826.934	26384.8
824.867	26497.4
822.799	26780.4
820.731	26842.1
818.662	27022.1
816.592	27301
814.522	27422.7
812.451	27462.3
810.379	27731
808.306	28091.3
806.233	28028
804.158	28104.6
802.083	28293.2
800.008	28214.3
797.931	28094.5
795.854	28291.3
793.776	28518.1
791.697	28296
789.618	28457.7
787.538	28400.4
785.457	28160.7
783.375	28097.6
781.292	27670.8
779.209	27298.3
777.125	27013.7
775.04	26427
772.955	26105.7
770.868	25455.1
768.781	25290.1
766.693	24647.5
764.605	24418.3
762.515	24275.3
760.425	23925.6
758.334	23982.6
756.243	23577
754.15	23589.9
752.057	23473.8
749.963	23656.3
747.869	23660.7
745.773	23612.7
743.677	23583.8
741.58	23289
739.482	23414
737.383	23366.1
735.284	23545.7
733.184	23514.5
731.083	23374.9
728.982	23467.5
726.879	23496.9
724.776	23356.4
722.672	23331.2
720.567	23214.5
718.462	23487.4
716.356	23304.3
714.248	23362.2
712.141	23071.3
710.032	23211
707.923	23353
705.813	23266.2
703.702	23524.1
701.59	23418.4
699.477	23313.9
697.364	23553.7
695.25	23495.4
693.135	23742.1
691.02	23927.1
688.903	23513.1
686.786	23698.1
684.668	23802.7
682.55	23809.2
680.43	23845.2
678.31	23876.5
676.189	23843
674.067	24139.3
671.944	23865.4
669.821	24106.1
667.697	24214.9
665.572	24025.9
663.446	24297
661.319	24249.2
659.192	24396.5
657.064	24442.6
654.935	24360.8
652.805	24573.6
650.675	24739.3
648.543	24874.4
646.411	24919.1
644.278	25102.1
642.145	25082.2
640.01	25571.9
637.875	25455.8
635.739	25778.7
633.602	26148.2
631.464	26518.6
629.326	26640.8
627.187	26928.9
625.047	27716.8
622.906	27933
620.764	28522.6
618.622	28905.2
616.478	29364.5
614.334	29928.4
612.19	30132.9
610.044	30510.8
607.898	30876.8
605.75	31237.8
603.602	31157.5
601.453	31130.7
