1719.71	82.1947
1717.94	15105.4
1716.18	15015.7
1714.41	14920.3
1712.65	15092.6
1710.88	15073.7
1709.11	14981.2
1707.35	14999.1
1705.58	15076.4
1703.81	14988.2
1702.04	15018.8
1700.27	15257.1
1698.5	15071.5
1696.73	15303.9
1694.96	15340
1693.19	15283
1691.41	15199.2
1689.64	15374.8
1687.87	15319.2
1686.09	15535.6
1684.32	15632.1
1682.54	15485
1680.77	15464.6
1678.99	15701.7
1677.21	15664.4
1675.44	15639.7
1673.66	15813.3
1671.88	15707.1
1670.1	15658.6
1668.32	15763.2
1666.54	15842.4
1664.76	15909
1662.98	15729.9
1661.2	15687
1659.41	15771.8
1657.63	15782.2
1655.85	15882.3
1654.06	15630.7
1652.28	15805
1650.49	15804.1
1648.71	15906.9
1646.92	15816.4
1645.13	15665.9
1643.34	15754.6
1641.56	15616.8
1639.77	15801.9
1637.98	15581.7
1636.19	15823.9
1634.4	15687.6
1632.61	15614.2
1630.81	15642.7
1629.02	15576.3
1627.23	15696.8
1625.44	15673.7
1623.64	15654.7
1621.85	15417.1
1620.05	15332.8
1618.26	15394.7
1616.46	15194.9
1614.66	15368.1
1612.87	15276.9
1611.07	15226.2
1609.27	15383.9
1607.47	15123.3
1605.67	15103.1
1603.87	15151.1
1602.07	14979.6
1600.27	15108
1598.47	14992.2
1596.66	15017.9
1594.86	15061.6
1593.06	14818.3
1591.25	14846.8
1589.45	14778.3
1587.64	14730.6
1585.83	14767.4
1584.03	14743.3
1582.22	14626.5
1580.41	14659.1
1578.6	14655.7
1576.79	14616.5
1574.98	14621.4
1573.17	14689.9
1571.36	14395.2
1569.55	14599
1567.74	14494.9
1565.93	14622.6
1564.11	14623.4
1562.3	14596.6
1560.49	14400.4
1558.67	14478.3
1556.86	14359.4
1555.04	14488.2
1553.22	14347.3
1551.41	14271.1
1549.59	14178.5
1547.77	14147.7
1545.95	14273.7
1544.13	14137.2
1542.31	14069.4
1540.49	13993.5
1538.67	13945
1536.85	14002.2
1535.02	14096.4
1533.2	13980.7
1531.38	14020.1
1529.55	13856.5
1527.73	14008.2
1525.9	14018.7
1524.08	13855.3
1522.25	13994.5
1520.42	13772.4
1518.59	13859.6
1516.76	13831.8
1514.94	13593.6
1513.11	13679.3
1511.28	13739
1509.44	13604.8
1507.61	13742.3
1505.78	13589.1
1503.95	13741.5
1502.11	13673
1500.28	13514.4
1498.45	13548.2
1496.61	13553.3
1494.77	13475.3
1492.94	13567.5
1491.1	13525
1489.26	13566.8
1487.43	13472.6
1485.59	13566.1
1483.75	13656.8
1481.91	13452.6
1480.07	13533.7
1478.23	13514.3
1476.38	13543.8
1474.54	13569.2
1472.7	13468.5
1470.85	13480.3
1469.01	13702.2
1467.17	13554.1
1465.32	13655.3
1463.47	13388.1
1461.63	13427
1459.78	13498.4
1457.93	13531.8
1456.08	13615.2
1454.24	13499.9
1452.39	13546.8
1450.54	13576.1
1448.68	13659.4
1446.83	13757.5
1444.98	13523.5
1443.13	13600
1441.27	13654.9
1439.42	13589.7
1437.57	13717.3
1435.71	13669.6
1433.85	13732.5
1432	13668.7
1430.14	13578
1428.28	13709.4
1426.43	13711.6
1424.57	13812
1422.71	13787.2
1420.85	13825.7
1418.99	13822.4
1417.12	13945.4
1415.26	13805.2
1413.4	13946.9
1411.54	13804.1
1409.67	13998
1407.81	13994.7
1405.94	14078.5
1404.08	14242.7
1402.21	14509.9
1400.34	14289.5
1398.48	14457.4
1396.61	14512.8
1394.74	14660.5
1392.87	14792
1391	14999.6
1389.13	15037.4
1387.26	15268.9
1385.39	15384
1383.51	15723.3
1381.64	15878.2
1379.77	16061
1377.89	16210.4
1376.02	16427.6
1374.14	16728.7
1372.27	17162.8
1370.39	17046.5
1368.51	17435
1366.63	17634.1
1364.75	17668.1
1362.87	17992.1
1360.99	18064.5
1359.11	18175.5
1357.23	18076.4
1355.35	18061
1353.47	18078.9
1351.59	17879
1349.7	17796
1347.82	17748.9
1345.93	17323.9
1344.05	17029.1
1342.16	16696
1340.27	16448
1338.38	15865
1336.5	15751.1
1334.61	15503.6
1332.72	15363.5
1330.83	15152
1328.94	14945.9
1327.05	14898.6
1325.15	14593.6
1323.26	14687.8
1321.37	14504.6
1319.47	14321.5
1317.58	14253.4
1315.68	14187.9
1313.79	14125.1
1311.89	14203.4
1309.99	14197.3
1308.1	13987
1306.2	13909.8
1304.3	13996
1302.4	14128.1
1300.5	14103.6
1298.6	14243.5
1296.7	14548.9
1294.79	14311.4
1292.89	14434
1290.99	14637.9
1289.08	14790.5
1287.18	14823.6
1285.27	15183.3
1283.37	15214.9
1281.46	15597.8
1279.55	16112.8
1277.64	16293.4
1275.73	16504
1273.82	16977.6
1271.91	17126.3
1270	17522.1
1268.09	18047.2
1266.18	18488.3
1264.27	18867.6
1262.35	19396.9
1260.44	19978.1
1258.53	20383.9
1256.61	20903
1254.69	21286.1
1252.78	21477.1
1250.86	21630.2
1248.94	21990.4
1247.02	21908.6
1245.11	22009.3
1243.19	21857.3
1241.27	21709.2
1239.34	21345.3
1237.42	20995.9
1235.5	20810.5
1233.58	20288.7
1231.65	20238.9
1229.73	19700.6
1227.8	19109.5
1225.88	18955
1223.95	18487.8
1222.02	18172.7
1220.1	17826.7
1218.17	17604.1
1216.24	17140.6
1214.31	17083
1212.38	16862.1
1210.45	16655.7
1208.52	16576.2
1206.58	16476.1
1204.65	16638.6
1202.72	16440.2
1200.78	16558.7
1198.85	16232.6
1196.91	16441.4
1194.98	16479.7
1193.04	16568.2
1191.1	16584.5
1189.16	16964.4
1187.22	16925.1
1185.28	16879.3
1183.34	17318
1181.4	17449.9
1179.46	17727.2
1177.52	17997.8
1175.58	18597.6
1173.63	19091.6
1171.69	19815.3
1169.74	20653
1167.8	21410.4
1165.85	22623.3
1163.9	23266.5
1161.96	24200.6
1160.01	25139.2
1158.06	25403.8
1156.11	25877.1
1154.16	26188.6
1152.21	26629.4
1150.26	26681.7
1148.3	26491.9
1146.35	26443.1
1144.4	26290.6
1142.44	26041
1140.49	25897.8
1138.53	25421
1136.58	25316.3
1134.62	24980.6
1132.66	24628.4
1130.7	24397.8
1128.74	23877.6
1126.78	23171.6
1124.82	22707.1
1122.86	21985.3
1120.9	21122.7
1118.94	20570.1
1116.97	19891.9
1115.01	19515.9
1113.05	18855
1111.08	18544.4
1109.11	18101.8
1107.15	18117.1
1105.18	17795.7
1103.21	17569.7
1101.24	17636
1099.27	17596.9
1097.3	17546.3
1095.33	17561.8
1093.36	17342.6
1091.39	17671.3
1089.42	17595.4
1087.44	17580.4
1085.47	17564.2
1083.49	17664.4
1081.52	17703.8
1079.54	17879.8
1077.57	17879.9
1075.59	17794
1073.61	17964.7
1071.63	18385.4
1069.65	18190.8
1067.67	18404.1
1065.69	18539
1063.71	18682.6
1061.72	18773.2
1059.74	18730.1
1057.76	19010.9
1055.77	19272.5
1053.79	19176.4
1051.8	18969.5
1049.82	19064.8
1047.83	19152.5
1045.84	18924.4
1043.85	18792.1
1041.86	18693.8
1039.87	18564.1
1037.88	18454.6
1035.89	18178.2
1033.9	18232.1
1031.9	18007.4
1029.91	17855.6
1027.92	17541
1025.92	17636.3
1023.93	17390.9
1021.93	17170.6
1019.93	17147.1
1017.93	17070.9
1015.94	16791
1013.94	16666.3
1011.94	16616.7
1009.94	16660.8
1007.93	16316.4
1005.93	16376.8
1003.93	16317.4
1001.93	16332.8
999.922	16173.7
997.917	16201.6
995.911	16141.1
993.905	16139.1
991.898	16138.4
989.89	16172.5
987.882	16338.6
985.873	16071.5
983.863	16026
981.852	16085
979.841	16235.9
977.829	16128.3
975.816	16045.6
973.803	16207.5
971.789	16054.1
969.774	16122.8
967.758	16135.7
965.742	16039.5
963.725	16196.2
961.707	16195.4
959.689	16261.5
957.67	16102.2
955.65	16206.6
953.629	16245.4
951.608	16175.3
949.586	16466.3
947.563	16315.9
945.54	16336
943.516	16500.6
941.491	16449.1
939.465	16654.3
937.439	16591.6
935.412	16625.2
933.384	16619.3
931.356	16942.4
929.326	17115
927.296	17076.9
925.266	17017.9
923.234	17059.8
921.202	17219.8
919.169	17334.2
917.136	17523.4
915.102	17362.3
913.067	17518.3
911.031	17610.3
908.994	17764.8
906.957	17968.3
904.919	17782.8
902.881	17912.6
900.841	18039.8
898.801	18039.4
896.76	18290.2
894.719	18313.1
892.676	18293
890.633	18170.2
888.59	18366.8
886.545	18242.8
884.5	18511.3
882.454	18757.6
880.407	18813.2
878.36	18537.8
876.312	18861.9
874.263	19029.6
872.213	19161.8
870.163	19283
868.111	19316.3
866.06	19567.6
864.007	20063.6
861.954	20425.3
859.9	20618.8
857.845	20994.6
855.789	21349.5
853.733	21552.1
851.676	22006.2
849.618	22286.2
847.56	22759.1
845.5	23145.4
843.44	23283.9
841.38	23914.9
839.318	24211.8
837.256	24489.2
835.193	24734.8
833.129	25204.4
831.065	25448.4
828.999	25646.2
826.934	25967.3
824.867	26220.4
822.799	26266.5
820.731	26452.8
818.662	26475.9
816.592	26973.6
814.522	27122
812.451	27131.5
810.379	27208.6
808.306	27572.6
806.233	27603.6
804.158	27455
802.083	27763.1
800.008	27761.5
797.931	27962.1
795.854	27912.2
793.776	27959.8
791.697	28012.2
789.618	28000.8
787.538	27853.6
785.457	27906
783.375	27513.9
781.292	27313.1
779.209	26892.7
777.125	26488.2
775.04	26311.9
772.955	25747.3
770.868	25089.7
768.781	24803.8
766.693	24513.4
764.605	24183.6
762.515	23801.5
760.425	23585.9
758.334	23515.1
756.243	23335.6
754.15	22993.7
752.057	23086.8
749.963	23335.1
747.869	23049.7
745.773	23183.2
743.677	23117.5
741.58	23175.8
739.482	23063.6
737.383	22986.1
735.284	23167
733.184	22949
731.083	23197.6
728.982	22869.1
726.879	22936.9
724.776	22879.7
722.672	22921.2
720.567	22758.4
718.462	22919.8
716.356	22954.1
714.248	22973
712.141	22829.3
710.032	22805.5
707.923	23004.5
705.813	22831.4
703.702	23234
701.59	23126
699.477	23020.4
697.364	23185.8
695.25	23288.4
693.135	23272.8
691.02	23343.3
688.903	23380.8
686.786	23278.9
684.668	23527.6
682.55	23524.8
680.43	23480.8
678.31	23506.3
676.189	23545.9
674.067	23471.2
671.944	23629.8
669.821	23730.6
667.697	23601.7
665.572	23715.4
663.446	23891.2
661.319	23760.1
659.192	23892.3
657.064	24215.9
654.935	24223.4
652.805	23989
650.675	24233.6
648.543	24489.7
646.411	24546.3
644.278	24613.3
642.145	24838.5
640.01	25017.9
637.875	25061.3
635.739	25467.4
633.602	25691.9
631.464	25917.5
629.326	26112.4
627.187	26743.1
625.047	27024
622.906	27631.7
620.764	28208.6
618.622	28291.4
616.478	28959.7
614.334	29559.9
612.19	29980.2
610.044	30051.7
607.898	30575.1
605.75	30630.1
603.602	30688.4
601.453	30786.3
