1719.71	102.035
1717.94	15465.4
1716.18	15328.7
1714.41	15112.9
1712.65	15279.5
1710.88	15235
1709.11	15254.3
1707.35	15330.1
1705.58	15438.4
1703.81	15313.4
1702.04	15247.8
1700.27	15341.9
1698.5	15615.2
1696.73	15484.6
1694.96	15588.4
1693.19	15555.3
1691.41	15412.1
1689.64	15566.6
1687.87	15684.3
1686.09	15661
1684.32	15763.1
1682.54	15545.5
1680.77	15829.2
1678.99	15888.9
1677.21	15793.8
1675.44	15818.4
1673.66	15969.4
1671.88	15941.9
1670.1	16001.4
1668.32	15916.3
1666.54	15916.8
1664.76	15857
1662.98	15815.5
1661.2	15849.8
1659.41	15879.8
1657.63	15843.9
1655.85	15746.4
1654.06	15870.2
1652.28	15712.5
1650.49	15928.7
1648.71	15716.5
1646.92	15686.3
1645.13	15866
1643.34	15887.5
1641.56	15823.7
1639.77	15792.1
1637.98	15640.3
1636.19	15674.5
1634.4	15627.6
1632.61	15696.5
1630.81	15634.3
1629.02	15526.1
1627.23	15431.9
1625.44	15456.2
1623.64	15435.9
1621.85	15281.9
1620.05	15380.1
1618.26	15330.6
1616.46	15306.2
1614.66	15177.5
1612.87	15315.9
1611.07	15233.1
1609.27	15224
1607.47	14924.6
1605.67	14828.1
1603.87	15040
1602.07	14825.5
1600.27	14959.5
1598.47	14839.6
1596.66	14801.5
1594.86	14699.7
1593.06	14589.7
1591.25	14654.2
1589.45	14846.2
1587.64	14694.6
1585.83	14658.1
1584.03	14801.4
1582.22	14471.5
1580.41	14596.9
1578.6	14400
1576.79	14331.8
1574.98	14497.1
1573.17	14361.2
1571.36	14493.2
1569.55	14292.6
1567.74	14409.4
1565.93	14316.4
1564.11	14383.5
1562.3	14292
1560.49	14197.8
1558.67	14197.3
1556.86	14172.1
1555.04	14283.1
1553.22	14110.6
1551.41	14081.3
1549.59	13996.9
1547.77	14135.4
1545.95	13928.8
1544.13	14046.5
1542.31	14103.8
1540.49	13864.4
1538.67	13829.7
1536.85	13756.6
1535.02	13866
1533.2	13746.3
1531.38	13671.9
1529.55	13766.1
1527.73	13831.5
1525.9	13507.9
1524.08	13521.3
1522.25	13689.3
1520.42	13449.5
1518.59	13342.6
1516.76	13602.1
1514.94	13391.3
1513.11	13483.9
1511.28	13490.4
1509.44	13432.8
1507.61	13422.9
1505.78	13448.6
1503.95	13355.5
1502.11	13220.2
1500.28	13539
1498.45	13356
1496.61	13167.8
1494.77	13196.1
1492.94	13127.8
1491.1	13250.1
1489.26	13211.7
1487.43	13244.1
1485.59	13261.5
1483.75	13406.7
1481.91	13119.7
1480.07	13221.3
1478.23	13272.6
1476.38	13178.7
1474.54	13034.6
1472.7	13030.3
1470.85	13134.5
1469.01	13097.7
1467.17	13071.7
1465.32	13270.6
1463.47	13205.3
1461.63	13148.1
1459.78	13092.4
1457.93	13235.5
1456.08	13175.7
1454.24	13107.8
1452.39	13195.4
1450.54	13199.1
1448.68	13296.1
1446.83	13379.5
1444.98	13068.6
1443.13	13164.2
1441.27	13324.4
1439.42	13262
1437.57	13236.1
1435.71	13362.4
1433.85	13318.9
1432	13319.9
1430.14	13335.7
1428.28	13159
1426.43	13240.7
1424.57	13291.5
1422.71	13206.4
1420.85	13055.6
1418.99	13295.8
1417.12	13204
1415.26	13303
1413.4	13368.4
1411.54	13271.4
1409.67	13414.5
1407.81	13322.9
1405.94	13447.2
1404.08	13552.6
1402.21	13644.5
1400.34	13772.6
1398.48	13822.9
1396.61	13962.8
1394.74	14161.5
1392.87	14083.2
1391	14430.1
1389.13	14416
1387.26	14384.4
1385.39	14756.3
1383.51	14875.5
1381.64	15138.8
1379.77	15149.8
1377.89	15178.1
1376.02	15506.3
1374.14	15590.4
1372.27	16058.2
1370.39	16114.1
1368.51	16123.4
1366.63	16465.4
1364.75	16684.8
1362.87	16664.6
1360.99	16863.8
1359.11	17198.4
1357.23	17159.5
1355.35	17043.5
1353.47	17025.8
1351.59	16809
1349.7	16824.6
1347.82	16298.9
1345.93	16267
1344.05	15821.4
1342.16	15503.3
1340.27	15373.5
1338.38	14948.5
1336.5	14835
1334.61	14628.8
1332.72	14563
1330.83	14283
1328.94	14167.1
1327.05	13841.2
1325.15	13844.5
1323.26	13814.7
1321.37	13491.9
1319.47	13467.5
1317.58	13490.7
1315.68	13424.1
1313.79	13250.8
1311.89	13486.3
1309.99	13319.6
1308.1	13292.8
1306.2	13294.9
1304.3	13406.2
1302.4	13270.1
1300.5	13414.3
1298.6	13457.1
1296.7	13497.2
1294.79	13438.8
1292.89	13781.1
1290.99	13948.4
1289.08	14010.7
1287.18	14084.7
1285.27	14111.4
1283.37	14332.2
1281.46	14630.2
1279.55	14907
1277.64	15110.3
1275.73	15435.2
1273.82	15786.1
1271.91	16110.6
1270	16561.8
1268.09	16739.3
1266.18	17244.8
1264.27	17670.3
1262.35	18132.1
1260.44	18472
1258.53	18771.3
1256.61	19268.8
1254.69	19639.3
1252.78	19778.7
1250.86	20125.4
1248.94	20291.9
1247.02	20093.4
1245.11	20515.2
1243.19	20108.4
1241.27	19908.9
1239.34	19968.5
1237.42	19417.9
1235.5	19346.3
1233.58	19047.2
1231.65	18588.5
1229.73	18176.8
1227.8	17781
1225.88	17425.7
1223.95	16970.7
1222.02	16858.6
1220.1	16456
1218.17	16334.9
1216.24	15956.1
1214.31	15810.7
1212.38	15695.2
1210.45	15666.6
1208.52	15485.2
1206.58	15424.3
1204.65	15430.6
1202.72	15224.9
1200.78	15414.9
1198.85	15355.3
1196.91	15248
1194.98	15497.1
1193.04	15431.2
1191.1	15505.9
1189.16	15774
1187.22	15749.2
1185.28	16024.8
1183.34	15987.1
1181.4	16212.1
1179.46	16690.7
1177.52	16840.7
1175.58	17376.6
1173.63	17864.5
1171.69	18438.3
1169.74	19064.3
1167.8	19867.2
1165.85	20673.5
1163.9	21673
1161.96	22104.5
1160.01	23099
1158.06	23468.2
1156.11	23970.4
1154.16	24272.3
1152.21	24447.2
1150.26	24399.1
1148.3	24683.9
1146.35	24405.2
1144.4	24066.7
1142.44	23702.7
1140.49	23763.6
1138.53	23510
1136.58	23200.3
1134.62	23308.5
1132.66	22762.8
1130.7	22409
1128.74	22121.8
1126.78	21341.1
1124.82	21048.1
1122.86	20338.4
1120.9	19825.4
1118.94	19123
1116.97	18594.3
1115.01	17922.1
1113.05	17721.2
1111.08	17213.8
1109.11	16981.5
1107.15	16879
1105.18	16695.2
1103.21	16693.2
1101.24	16580.8
1099.27	16476
1097.3	16494.3
1095.33	16354.1
1093.36	16557.7
1091.39	16683.8
1089.42	16359.9
1087.44	16643
1085.47	16528.3
1083.49	16852.9
1081.52	16609.2
1079.54	16662.8
1077.57	16839.1
1075.59	16888.9
1073.61	17004.3
1071.63	17022.3
1069.65	17096
1067.67	17285.6
1065.69	17248.1
1063.71	17565
1061.72	17663.5
1059.74	17572.9
1057.76	17600.7
1055.77	17671.4
1053.79	17987.6
1051.8	17941
1049.82	17875.6
1047.83	17810.2
1045.84	17801.5
1043.85	17685.9
1041.86	17630.6
1039.87	17487.5
1037.88	17119.7
1035.89	17233
1033.9	17053.8
1031.9	17030.2
1029.91	16705.7
1027.92	16625.9
1025.92	16415.8
1023.93	16430.1
1021.93	16213.9
1019.93	16169.4
1017.93	16071.1
1015.94	15994.2
1013.94	15902.2
1011.94	15660.4
1009.94	15617.4
1007.93	15590.6
1005.93	15404.1
1003.93	15547.2
1001.93	15384.5
999.922	15365.3
997.917	15357.4
995.911	15304.6
993.905	15367.8
991.898	15252.7
989.89	15137.8
987.882	15159.8
985.873	15318.7
983.863	15312
981.852	15166.1
979.841	15142.1
977.829	15316.9
975.816	15137.6
973.803	15131
971.789	15186.5
969.774	15200.9
967.758	15214.2
965.742	15239.8
963.725	15160
961.707	15219
959.689	15316.4
957.67	15292.4
955.65	15421.9
953.629	15358.3
951.608	15198.2
949.586	15415.4
947.563	15314.7
945.54	15577.4
943.516	15537.3
941.491	15500.9
939.465	15653.4
937.439	15607.1
935.412	15607.7
933.384	15452.9
931.356	15899.8
929.326	15928.6
927.296	15913.1
925.266	15973.9
923.234	16066.6
921.202	16097.8
919.169	16179.4
917.136	16181
915.102	16375.5
913.067	16518.3
911.031	16619.3
908.994	16447.6
906.957	16603.7
904.919	16835.8
902.881	16656.8
900.841	16659.4
898.801	17001.5
896.76	16897.4
894.719	16929.3
892.676	17213.4
890.633	17153.4
888.59	17115.4
886.545	17130.1
884.5	17230.3
882.454	17363.4
880.407	17308.3
878.36	17269.1
876.312	17569.3
874.263	17664.3
872.213	17710.4
870.163	17958.8
868.111	18037.7
866.06	18366.3
864.007	18342.6
861.954	18730.5
859.9	18918.5
857.845	19488.4
855.789	19558
853.733	19852.5
851.676	20364.3
849.618	20616.9
847.56	20886.4
845.5	21162.9
843.44	21701.4
841.38	21824.6
839.318	22289.7
837.256	22303.5
835.193	22823.8
833.129	23006.9
831.065	23445.5
828.999	23353.5
826.934	23599.1
824.867	23635.4
822.799	24058.5
820.731	24267.4
818.662	24257.4
816.592	24527.6
814.522	24674.5
812.451	24810.4
810.379	24688
808.306	25031.3
806.233	25201.8
804.158	25077
802.083	25157
800.008	25233.4
797.931	25123.1
795.854	25313.8
793.776	25458.6
791.697	25291.8
789.618	25441.3
787.538	25475.3
785.457	25064.8
783.375	24914
781.292	24799.3
779.209	24369
777.125	23828.7
775.04	23689.4
772.955	23183.3
770.868	23033.4
768.781	22693.2
766.693	22324.5
764.605	21969.2
762.515	21687.2
760.425	21449.7
758.334	21703.7
756.243	21454.3
754.15	21184.8
752.057	21308.5
749.963	21229
747.869	21345.4
745.773	21340
743.677	21214.1
741.58	21027.5
739.482	21240.3
737.383	21084.8
735.284	21270
733.184	21238.4
731.083	21242.5
728.982	21003.9
726.879	21211.4
724.776	20954
722.672	21028.3
720.567	21004
718.462	21033.1
716.356	21231.9
714.248	21095.9
712.141	21122.6
710.032	21044.9
707.923	21021.7
705.813	21188.1
703.702	21122.3
701.59	21198.6
699.477	21209.7
697.364	21263.4
695.25	21492.1
693.135	21318.7
691.02	21421.9
688.903	21487.2
686.786	21378.9
684.668	21754.7
682.55	21530.7
680.43	21673.7
678.31	21638.6
676.189	21789.7
674.067	21668.6
671.944	21600.5
669.821	21664.3
667.697	21761.1
665.572	21807.1
663.446	21977.8
661.319	21935.6
659.192	21873.4
657.064	22218.9
654.935	22052.1
652.805	22135.5
650.675	22265.7
648.543	22495.6
646.411	22540
644.278	22726.2
642.145	22852.5
640.01	23006.8
637.875	23079.1
635.739	23143.1
633.602	23416.4
631.464	23842.8
629.326	23733.3
627.187	24307.7
625.047	24930.6
622.906	25014.7
620.764	25380.1
618.622	25756.9
616.478	26288.5
614.334	26539.9
612.19	26949.6
610.044	27268.2
607.898	27918.4
605.75	27919.6
603.602	27676.4
601.453	27915
