1719.71	130.378
1717.94	19252
1716.18	19274.3
1714.41	19452.3
1712.65	19484.4
1710.88	19343.8
1709.11	19384.4
1707.35	19573.5
1705.58	19591.4
1703.81	19394.4
1702.04	19724.6
1700.27	19568.6
1698.5	19562.5
1696.73	19780.8
1694.96	19742.1
1693.19	19745.7
1691.41	19942.6
1689.64	20199.9
1687.87	19849.6
1686.09	19989.9
1684.32	19945.5
1682.54	20002.6
1680.77	19989.2
1678.99	19968.8
1677.21	20135.5
1675.44	20274
1673.66	20044
1671.88	19912.6
1670.1	20239.3
1668.32	20102.2
1666.54	20357
1664.76	20048.7
1662.98	20337
1661.2	20142.6
1659.41	20143.2
1657.63	19871.8
1655.85	20308.4
1654.06	19892.8
1652.28	20119
1650.49	20343.6
1648.71	20058.6
1646.92	20143.1
1645.13	20065.4
1643.34	20039.4
1641.56	20056.8
1639.77	19931.6
1637.98	19986.7
1636.19	20125.5
1634.4	20060.5
1632.61	19882.4
1630.81	20092.3
1629.02	19830.6
1627.23	19743.4
1625.44	19693.9
1623.64	19520.3
1621.85	19484.8
1620.05	19580.3
1618.26	19465.4
1616.46	19375.6
1614.66	19526.6
1612.87	19232.5
1611.07	19441.8
1609.27	19184
1607.47	19322.3
1605.67	19180
1603.87	19076.6
1602.07	19033
1600.27	18911.7
1598.47	18864
1596.66	18839.9
1594.86	18896.3
1593.06	18916.5
1591.25	18976.9
1589.45	18706.3
1587.64	18874.7
1585.83	18720.5
1584.03	18580.3
1582.22	18668.3
1580.41	18547.5
1578.6	18363.2
1576.79	18339.3
1574.98	18529.6
1573.17	18406.2
1571.36	18400.2
1569.55	18404
1567.74	18335.9
1565.93	18266.5
1564.11	18296.5
1562.3	18213.4
1560.49	18133.1
1558.67	18157.5
1556.86	18136.5
1555.04	18103.1
1553.22	18130.2
1551.41	18175.2
1549.59	18161.1
1547.77	18179.9
1545.95	17781
1544.13	17916.7
1542.31	17651.3
1540.49	17515.2
1538.67	17773
1536.85	17576.5
1535.02	17725.8
1533.2	17687.1
1531.38	17696.4
1529.55	17649.5
1527.73	17649.3
1525.9	17405.3
1524.08	17609
1522.25	17536.2
1520.42	17355.4
1518.59	17379.8
1516.76	17398.8
1514.94	17155.3
1513.11	17323.2
1511.28	17175.5
1509.44	17362.4
1507.61	17195.7
1505.78	17089.1
1503.95	17279.9
1502.11	16970.2
1500.28	17026
1498.45	16922.3
1496.61	16907.2
1494.77	16851.3
1492.94	17028.2
1491.1	16843
1489.26	17082.3
1487.43	16910.8
1485.59	16912
1483.75	16943.2
1481.91	17002.9
1480.07	16938.9
1478.23	16870.8
1476.38	16910.1
1474.54	16874.7
1472.7	16824.4
1470.85	16915.1
1469.01	16771.3
1467.17	16979.9
1465.32	16830.7
1463.47	17052.7
1461.63	16835.9
1459.78	16724.8
1457.93	16816.7
1456.08	16881.4
1454.24	16977.3
1452.39	16921.7
1450.54	17033.6
1448.68	16991.5
1446.83	16917.1
1444.98	16818.4
1443.13	17224.4
1441.27	16942.1
1439.42	16924.4
1437.57	16895.9
1435.71	17123.4
1433.85	16969.6
1432	17218.5
1430.14	17043.2
1428.28	17098.1
1426.43	17007.7
1424.57	16961.7
1422.71	17188.7
1420.85	16902.1
1418.99	17008
1417.12	17156.8
1415.26	17202.1
1413.4	17085
1411.54	17331.6
1409.67	17202.4
1407.81	17300
1405.94	17374.6
1404.08	17460
1402.21	17651.1
1400.34	17718.9
1398.48	17986.1
1396.61	18024.2
1394.74	18078.4
1392.87	18234.2
1391	18510.2
1389.13	18560.2
1387.26	18682.3
1385.39	18892.4
1383.51	18948.9
1381.64	19380.3
1379.77	19690
1377.89	19654.1
1376.02	20038.2
1374.14	20224.8
1372.27	20307.3
1370.39	20957.2
1368.51	21000.8
1366.63	21419.7
1364.75	21546.9
1362.87	21765.9
1360.99	21934.1
1359.11	21897.5
1357.23	22045.7
1355.35	21962.6
1353.47	21964.5
1351.59	21828.4
1349.7	21497.2
1347.82	21362.7
1345.93	21024
1344.05	20621.8
1342.16	20451.9
1340.27	19774.7
1338.38	19497.9
1336.5	19178.9
1334.61	18981.8
1332.72	18415.8
1330.83	18313
1328.94	18183.9
1327.05	18073.4
1325.15	17684.1
1323.26	17709.9
1321.37	17534.9
1319.47	17617.4
1317.58	17383.2
1315.68	17319.3
1313.79	17400.5
1311.89	17129.7
1309.99	17254.4
1308.1	16960.1
1306.2	17008.4
1304.3	17264.6
1302.4	17112.7
1300.5	17377.9
1298.6	17479.9
1296.7	17445
1294.79	17475.9
1292.89	17665.8
1290.99	17851.5
1289.08	18127.8
1287.18	18221.4
1285.27	18169.3
1283.37	18550
1281.46	18935.8
1279.55	19548
1277.64	19557.1
1275.73	19928.9
1273.82	20252.1
1271.91	20846
1270	21289
1268.09	21924
1266.18	22393.8
1264.27	22958.7
1262.35	23548
1260.44	24173.5
1258.53	24231.9
1256.61	24953.3
1254.69	25614.2
1252.78	25685.1
1250.86	25808.1
1248.94	26226.8
1247.02	26221.8
1245.11	26309.3
1243.19	26159.7
1241.27	25893
1239.34	25764.5
1237.42	25413.6
1235.5	24919.9
1233.58	24555.2
1231.65	24120.5
1229.73	23604.4
1227.8	23100.2
1225.88	22805.4
1223.95	22131.9
1222.02	21803.9
1220.1	21312.7
1218.17	21181
1216.24	20685.2
1214.31	20545.9
1212.38	20331.7
1210.45	20386.9
1208.52	20122.3
1206.58	20062.4
1204.65	19729.6
1202.72	19958.2
1200.78	19840.2
1198.85	19777.8
1196.91	19684.5
1194.98	19814.6
1193.04	19902
1191.1	20211.3
1189.16	20360.4
1187.22	19958.9
1185.28	20676.4
1183.34	20652.5
1181.4	20975.2
1179.46	21559
1177.52	21699.6
1175.58	22370.2
1173.63	23054.5
1171.69	23856.6
1169.74	24578.5
1167.8	25784.2
1165.85	26842.7
1163.9	27851.7
1161.96	28749.6
1160.01	29732.8
1158.06	30292.1
1156.11	31090.8
1154.16	31483.8
1152.21	31856.1
1150.26	31687.5
1148.3	31882.7
1146.35	31701.5
1144.4	31218.3
1142.44	31226.7
1140.49	30556.1
1138.53	30440.7
1136.58	30200.2
1134.62	29920.2
1132.66	29632.8
1130.7	29203.8
1128.74	28421.7
1126.78	28108.2
1124.82	27075.8
1122.86	26119.3
1120.9	25566.1
1118.94	24781.5
1116.97	24230.4
1115.01	23344.9
1113.05	22960.2
1111.08	22407.7
1109.11	21939.6
1107.15	21597.7
1105.18	21487.2
1103.21	21083.4
1101.24	21293.3
1099.27	21278.2
1097.3	21201
1095.33	21227.9
1093.36	21129.2
1091.39	21064.8
1089.42	21310.9
1087.44	21212.3
1085.47	21296.1
1083.49	21379.8
1081.52	21400.2
1079.54	21731.7
1077.57	21470
1075.59	21738.1
1073.61	21960.5
1071.63	22071.6
1069.65	22206.6
1067.67	22097.8
1065.69	22477.5
1063.71	22416.7
1061.72	22505.9
1059.74	22747.6
1057.76	22691.8
1055.77	22887.9
1053.79	22720
1051.8	22850.5
1049.82	22904.2
1047.83	22745.2
1045.84	22868
1043.85	22661.4
1041.86	22586.8
1039.87	22409.3
1037.88	22026
1035.89	22087.3
1033.9	21691.8
1031.9	21527.4
1029.91	21320.4
1027.92	21175
1025.92	21260.3
1023.93	20874.5
1021.93	20730.7
1019.93	20483.1
1017.93	20413.3
1015.94	20299.8
1013.94	20107.6
1011.94	20110.5
1009.94	19832.3
1007.93	19983.9
1005.93	19828.3
1003.93	19747.6
1001.93	19664.6
999.922	19682.6
997.917	19486.1
995.911	19433.1
993.905	19543.4
991.898	19618.7
989.89	19405
987.882	19410.6
985.873	19349
983.863	19445.4
981.852	19413.7
979.841	19263.9
977.829	19386.3
975.816	19316.1
973.803	19357.6
971.789	19285
969.774	19435.8
967.758	19220.5
965.742	19460.4
963.725	19479.6
961.707	19538.3
959.689	19480.6
957.67	19441.5
955.65	19427.2
953.629	19480.9
951.608	19427
949.586	19687.1
947.563	19753.1
945.54	19389
943.516	19599.5
941.491	19653
939.465	19899
937.439	19933.9
935.412	20009.4
933.384	19988.7
931.356	20159.1
929.326	20365
927.296	20549.9
925.266	20532.7
923.234	20634.9
921.202	20606.7
919.169	20732.1
917.136	20450.6
915.102	20906.6
913.067	21001.1
911.031	21075.9
908.994	21092.9
906.957	21289.1
904.919	21312.1
902.881	21396.5
900.841	21510.2
898.801	21636
896.76	21629.5
894.719	21740.6
892.676	21852.7
890.633	21792.3
888.59	21977.8
886.545	21990.7
884.5	22031.7
882.454	22105.6
880.407	22230.9
878.36	22320.6
876.312	22297.9
874.263	22501
872.213	22771
870.163	22845.7
868.111	23082.5
866.06	23440.9
864.007	23332.6
861.954	24147.3
859.9	24201.9
857.845	24765
855.789	25103.9
853.733	25594.6
851.676	25968.2
849.618	26545.6
847.56	26874.9
845.5	27344.8
843.44	27916.2
841.38	28168.2
839.318	28597
837.256	29018.3
835.193	29236.8
833.129	29649
831.065	29999.2
828.999	30358.8
826.934	30645.5
824.867	30664.6
822.799	30848.2
820.731	31192.5
818.662	31283.9
816.592	31543.1
814.522	31514.8
812.451	31900.5
810.379	32027.7
808.306	32067.9
806.233	32055.1
804.158	32289.4
802.083	32283.7
800.008	32634.5
797.931	32434.8
795.854	32726.3
793.776	32704.8
791.697	32472.8
789.618	32801.3
787.538	32713.6
785.457	32332.9
783.375	32289.9
781.292	31788.4
779.209	31574
777.125	31001.1
775.04	30723.6
772.955	30134.6
770.868	29640.7
768.781	29355.6
766.693	28486.4
764.605	28085.8
762.515	28036
760.425	27527
758.334	27637.8
756.243	27461.5
754.15	27206.6
752.057	27172.7
749.963	27402.8
747.869	27194.6
745.773	27305.2
743.677	27226
741.58	27117.1
739.482	27193
737.383	27267.6
735.284	27441
733.184	27127.4
731.083	27128.2
728.982	26951.7
726.879	27336.6
724.776	26891.5
722.672	26971.9
720.567	27060.6
718.462	27189.6
716.356	26998
714.248	26940.6
712.141	27125.2
710.032	26814.1
707.923	27066.2
705.813	26903.4
703.702	27218
701.59	27142.9
699.477	27073.7
697.364	27435.2
695.25	27464.1
693.135	27457.5
691.02	27394.2
688.903	27515.2
686.786	27383.5
684.668	27600
682.55	27471.8
680.43	27842.7
678.31	27611.9
676.189	27589.9
674.067	27523.1
671.944	27919.3
669.821	27720.6
667.697	27949.2
665.572	28147.1
663.446	27842.7
661.319	28109.8
659.192	28167.6
657.064	27970.4
654.935	28460.2
652.805	28353.4
650.675	28531.8
648.543	28626.8
646.411	28775.7
644.278	29102.5
642.145	28839.8
640.01	29285.9
637.875	29381.6
635.739	30029.6
633.602	30165.8
631.464	30519.5
629.326	30719.7
627.187	31217.8
625.047	31766.9
622.906	32097.2
620.764	32729.7
618.622	33285.7
616.478	33928.9
614.334	34292.8
612.19	34747.5
610.044	35300.8
607.898	35663.8
605.75	35832.1
603.602	35953.7
601.453	35874
