1729.68	7.09869
1727.92	7853.99
1726.16	8020.42
1724.4	8026.41
1722.63	7996.94
1720.87	8160.32
1719.11	8074.12
1717.34	8302.56
1715.58	8376.45
1713.81	8488.52
1712.05	8507.08
1710.28	8647.34
1708.51	8688.47
1706.75	8788.98
1704.98	8929.02
1703.21	8951.64
1701.44	9026.54
1699.67	9200.26
1697.9	9328.68
1696.13	9337.03
1694.36	9588.1
1692.59	9822.09
1690.81	9745.64
1689.04	9798.95
1687.27	9950.89
1685.49	10092.9
1683.72	10140.4
1681.94	10159.7
1680.17	10271.9
1678.39	10292.6
1676.61	10605.8
1674.83	10592.6
1673.06	10832.5
1671.28	10885.3
1669.5	10931
1667.72	11024.4
1665.94	11147.3
1664.16	11251.8
1662.37	11259.5
1660.59	11386.3
1658.81	11608.5
1657.03	11655.3
1655.24	11575.9
1653.46	11663.3
1651.67	11693.1
1649.89	11793
1648.1	11747.3
1646.31	11975.8
1644.53	11958
1642.74	11909.4
1640.95	11996.5
1639.16	11914.4
1637.37	11829.6
1635.58	11930.5
1633.79	11725.7
1632	11935.4
1630.21	11751.6
1628.42	11773
1626.62	11752.5
1624.83	11804.5
1623.04	11657.2
1621.24	11650.6
1619.44	11428.3
1617.65	11367.5
1615.85	11324.9
1614.06	11214.2
1612.26	11216.1
1610.46	11120.8
1608.66	11076.9
1606.86	10874.7
1605.06	10885
1603.26	10533
1601.46	10726.7
1599.66	10513.8
1597.86	10560.3
1596.05	10285.1
1594.25	10298.5
1592.45	10173.2
1590.64	10046.6
1588.84	9931.19
1587.03	9854.61
1585.22	9751.78
1583.42	9808.12
1581.61	9715.05
1579.8	9469.95
1577.99	9629.99
1576.18	9487.32
1574.37	9520.17
1572.56	9340.33
1570.75	9489.16
1568.94	9263.91
1567.13	9240.22
1565.32	9249.64
1563.5	9023.3
1561.69	9138.9
1559.87	9067.05
1558.06	8863.02
1556.24	8956.53
1554.43	8840.76
1552.61	9014.01
1550.79	8686.46
1548.97	8775.77
1547.16	8726.18
1545.34	8770.07
1543.52	8820.79
1541.7	8618.8
1539.87	8423.8
1538.05	8576.14
1536.23	8493.77
1534.41	8528.04
1532.58	8416.95
1530.76	8489.59
1528.94	8352.54
1527.11	8440.22
1525.29	8264.94
1523.46	8226.66
1521.63	8089.87
1519.8	8312.94
1517.98	8196.72
1516.15	8079.22
1514.32	8162.67
1512.49	8121.75
1510.66	7934.73
1508.83	7982.65
1506.99	8078.3
1505.16	7921.49
1503.33	7996.64
1501.5	7966.75
1499.66	7842.83
1497.83	7877.05
1495.99	7770.95
1494.16	7824.23
1492.32	7727.74
1490.48	7748.34
1488.64	7902.24
1486.81	7858.85
1484.97	7728.48
1483.13	7804.76
1481.29	7818.5
1479.45	7817.29
1477.6	7745.48
1475.76	7824.37
1473.92	7760.74
1472.08	7808.37
1470.23	7773.26
1468.39	7826.27
1466.54	7858.92
1464.7	7761.52
1462.85	7754.9
1461	7794.3
1459.16	7768.73
1457.31	7749.94
1455.46	7777.13
1453.61	7884.06
1451.76	7784.16
1449.91	7853.19
1448.06	7791.17
1446.21	7811.55
1444.36	8027.61
1442.5	7702.5
1440.65	7819.99
1438.79	7934.71
1436.94	7840.43
1435.08	7917.33
1433.23	7658.79
1431.37	7707.42
1429.51	7738.52
1427.66	7739.99
1425.8	7679.58
1423.94	7600.38
1422.08	7655.67
1420.22	7696.13
1418.36	7572.67
1416.5	7576.87
1414.63	7617.32
1412.77	7767.78
1410.91	7600.18
1409.04	7699.58
1407.18	7710.43
1405.31	7803.03
1403.45	7756.22
1401.58	7855.43
1399.71	7743.02
1397.85	7806.03
1395.98	7628.15
1394.11	7703.18
1392.24	7763.46
1390.37	7842.41
1388.5	7830.45
1386.63	7964.09
1384.75	7894.66
1382.88	7990.81
1381.01	7940.1
1379.13	7893.43
1377.26	8045.49
1375.38	8000.14
1373.51	8034.78
1371.63	8017.44
1369.75	8166.58
1367.88	8002.76
1366	8040.01
1364.12	8099.85
1362.24	8014.67
1360.36	8156.91
1358.48	8191.4
1356.6	8085.02
1354.71	8118.17
1352.83	8009.22
1350.95	8090.16
1349.06	8002.52
1347.18	8314.21
1345.29	8197.38
1343.41	8229.09
1341.52	8238.25
1339.63	8222.24
1337.75	8178.43
1335.86	8178.32
1333.97	8164.99
1332.08	8257.49
1330.19	8068.25
1328.3	8181.87
1326.41	8120.96
1324.51	8083.88
1322.62	8066.63
1320.73	7959.62
1318.83	7865.87
1316.94	8043.96
1315.04	7865.84
1313.15	7904.06
1311.25	7814.4
1309.35	7843.39
1307.45	7731.42
1305.56	7806.49
1303.66	7801.22
1301.76	7727.54
1299.86	7893.29
1297.95	7660.51
1296.05	7581.68
1294.15	7753.88
1292.25	7656.68
1290.34	7777.52
1288.44	7727.63
1286.53	7704.02
1284.63	7672.55
1282.72	7599.14
1280.81	7607.05
1278.91	7701.44
1277	7660.84
1275.09	7625.5
1273.18	7588.88
1271.27	7673.98
1269.36	7615.13
1267.45	7696.24
1265.53	7630.87
1263.62	7600.83
1261.71	7621.77
1259.79	7577.38
1257.88	7615.28
1255.96	7710.57
1254.05	7507.03
1252.13	7637.5
1250.21	7507.13
1248.29	7677.92
1246.37	7550.22
1244.45	7568.49
1242.53	7625.8
1240.61	7513.87
1238.69	7529.52
1236.77	7526.96
1234.85	7551.69
1232.92	7629.7
1231	7571.22
1229.08	7521.88
1227.15	7616.69
1225.22	7623.17
1223.3	7568.67
1221.37	7567.37
1219.44	7580.35
1217.51	7510.35
1215.58	7661.98
1213.65	7747.44
1211.72	7638.6
1209.79	7691.65
1207.86	7720.07
1205.93	7742
1203.99	7734.17
1202.06	7642.33
1200.13	7730.16
1198.19	7719.76
1196.25	7896.61
1194.32	7723.5
1192.38	7907.96
1190.44	7844.62
1188.5	7903.82
1186.56	7968.14
1184.62	7926.74
1182.68	8086.33
1180.74	8105.44
1178.8	7962.33
1176.86	7991.76
1174.91	8077.78
1172.97	8111.01
1171.03	8148.07
1169.08	8210.8
1167.13	8156.58
1165.19	8264.22
1163.24	8269.07
1161.29	8323.97
1159.34	8348.04
1157.39	8386.2
1155.44	8333.3
1153.49	8621.35
1151.54	8345.49
1149.59	8541.11
1147.64	8481.83
1145.68	8469.94
1143.73	8722.89
1141.78	8603.49
1139.82	8583.89
1137.86	8482.51
1135.91	8623.94
1133.95	8820.19
1131.99	8781.39
1130.03	8723.47
1128.07	8800.82
1126.11	8796.5
1124.15	8910.74
1122.19	8924.22
1120.23	8952.98
1118.27	8985.53
1116.3	8930.21
1114.34	8801.11
1112.37	8943.09
1110.41	9073.53
1108.44	9066.56
1106.47	9142.21
1104.51	9039.93
1102.54	9118.07
1100.57	9097.12
1098.6	9177.73
1096.63	9331.86
1094.66	9181.48
1092.69	9175.75
1090.71	9333.52
1088.74	9375.88
1086.77	9401.74
1084.79	9419.98
1082.82	9644.52
1080.84	9452.64
1078.86	9634
1076.89	9604.08
1074.91	9536.27
1072.93	9690.87
1070.95	9945.14
1068.97	9761.12
1066.99	9822.07
1065.01	9867.85
1063.03	9863.13
1061.04	9911.38
1059.06	9871.36
1057.08	9961.14
1055.09	10006.8
1053.11	10066.2
1051.12	10328.3
1049.13	9889.31
1047.14	10243
1045.16	10108.7
1043.17	10083.8
1041.18	10144.3
1039.19	10187.2
1037.2	10248.9
1035.2	10265.4
1033.21	10259.3
1031.22	10364.8
1029.22	10222
1027.23	10279.8
1025.23	10341.4
1023.24	10297.6
1021.24	10360.4
1019.24	10395.5
1017.25	10330.6
1015.25	10457
1013.25	10380.8
1011.25	10322.1
1009.25	10420.9
1007.24	10501
1005.24	10544.7
1003.24	10781.8
1001.23	10643.3
999.23	10572.2
997.225	10705.6
995.219	10830.2
993.212	10762.8
991.205	10813.8
989.197	10818.7
987.188	10916.9
985.178	10874.5
983.168	10879.4
981.157	11029.7
979.146	10871.7
977.133	10963.5
975.12	10908.7
973.106	10989.2
971.092	10929.5
969.077	11027.3
967.061	11166
965.044	11069.1
963.027	11143.2
961.009	11095.9
958.99	11158.9
956.97	11192
954.95	11139.8
952.929	11150.7
950.907	11165.3
948.885	11139.1
946.862	11128.9
944.838	11107.7
942.814	11344.5
940.788	11342.9
938.762	11243.9
936.736	11349.7
934.708	11388.8
932.68	11371.2
930.651	11353.5
928.622	11430.8
926.591	11526.5
924.56	11469.4
922.528	11562.5
920.496	11710.9
918.463	11763.3
916.429	11686.6
914.394	11651.7
912.359	11745.8
910.322	11911
908.286	11749.7
906.248	11733.2
904.21	11862.7
902.171	11967.5
900.131	11944.9
898.09	12042.3
896.049	11986.5
894.007	11963.9
891.964	12221.5
889.921	12127.8
887.877	12256.8
885.832	12198.6
883.786	12367.7
881.74	12443.9
879.693	12489.5
877.645	12726.8
875.596	12522
873.547	12721.3
871.497	12787.4
869.446	12826.7
867.394	12869.6
865.342	12895.5
863.289	13029.6
861.235	13128.4
859.181	13171.1
857.126	13153
855.07	13305.1
853.013	13417
850.956	13333.2
848.897	13480.2
846.838	13401.3
844.779	13565.2
842.718	13562.7
840.657	13555.4
838.595	13649.9
836.533	13640.1
834.469	13936.9
832.405	14086.9
830.34	13988.6
828.274	13993.2
826.208	14041.4
824.141	14007.2
822.073	14130.3
820.004	14010.4
817.935	14163.6
815.865	14290.1
813.794	14301.8
811.722	14441.4
809.65	14441
807.577	14382.7
805.503	14507.7
803.428	14569.9
801.353	14856.1
799.277	14648.4
797.2	14989.8
795.122	14925.4
793.044	14885.1
790.964	15106.9
788.885	15285.3
786.804	15379.5
784.722	15319.8
782.64	15489.5
780.557	15515.1
778.473	15676.2
776.389	15759.2
774.304	15908.2
772.218	15816.1
770.131	15773.2
768.043	15902.7
765.955	15865.8
763.866	16156.8
761.776	16366.2
759.686	16268.2
757.594	16464.2
755.502	16526.3
753.409	16333.9
751.316	16328
749.221	16559.5
747.126	16530.8
745.03	16871.9
742.933	16876.4
740.836	16950.1
738.738	17054.7
736.639	17112.7
734.539	17324.3
732.438	17187.1
730.337	17267.6
728.235	17336.2
726.132	17665.1
724.028	17563.5
721.924	17700.8
719.819	17644.4
717.713	17690.2
715.606	17978
713.498	18109
711.39	18048.9
709.281	18007.9
707.171	18153
705.061	18310.9
702.949	18290
700.837	18499.8
698.724	18322.6
696.61	18625.8
694.496	18715.8
692.381	18726.7
690.264	18845
688.148	19038.8
686.03	19103.8
683.911	19167.5
681.792	19120.3
679.672	19212.3
677.552	19239.4
675.43	19569.3
673.308	19513.8
671.184	19750.3
669.061	19501.7
666.936	19728.6
664.81	19955.3
662.684	19672.8
660.557	20076.9
658.429	19968.4
656.3	20166.5
654.171	20028.7
652.041	20398
649.91	20391.6
647.778	20666.7
645.645	20792.6
643.512	20650.1
641.378	20751.4
639.243	21029.4
637.107	20993.5
634.97	21095.7
632.833	21393.1
630.695	21260
628.556	21467.1
626.416	21715
624.276	21742
622.134	21767.7
619.992	21979
617.849	22052.5
615.705	22019.7
613.561	22254
