1729.68	14.1974
1727.92	7917.88
1726.16	8017.58
1724.4	7927.09
1722.63	7945.88
1720.87	8248.24
1719.11	8122.32
1717.34	8400.34
1715.58	8341.03
1713.81	8557.91
1712.05	8524.07
1710.28	8594.98
1708.51	8599.34
1706.75	8736.65
1704.98	8814.49
1703.21	9071.79
1701.44	8998.27
1699.67	9107.03
1697.9	9142.28
1696.13	9459.85
1694.36	9434.27
1692.59	9532.87
1690.81	9759.74
1689.04	9769.34
1687.27	9867.73
1685.49	10011.1
1683.72	10137.6
1681.94	10023.1
1680.17	10291.6
1678.39	10502.3
1676.61	10493.3
1674.83	10637.6
1673.06	10526
1671.28	10868.4
1669.5	10791.9
1667.72	10860.1
1665.94	11147.3
1664.16	11244.8
1662.37	11249.6
1660.59	11390.6
1658.81	11450
1657.03	11524.9
1655.24	11595.5
1653.46	11792.1
1651.67	11714.2
1649.89	11881.2
1648.1	11842.4
1646.31	11834.5
1644.53	11871.3
1642.74	11817.1
1640.95	11781.2
1639.16	11852.9
1637.37	11882.6
1635.58	11771.3
1633.79	11856.9
1632	11882.4
1630.21	11662.3
1628.42	11667
1626.62	11774.8
1624.83	11659.5
1623.04	11471.8
1621.24	11441.7
1619.44	11445
1617.65	11331.3
1615.85	11171.9
1614.06	11101.5
1612.26	10960.2
1610.46	10926.1
1608.66	10736.4
1606.86	10764.9
1605.06	10723.9
1603.26	10512.2
1601.46	10476.9
1599.66	10422.2
1597.86	10306.5
1596.05	10240.8
1594.25	10179.2
1592.45	10115
1590.64	9874.82
1588.84	9848.09
1587.03	9786.77
1585.22	9760.08
1583.42	9539.71
1581.61	9529.72
1579.8	9483.77
1577.99	9476.56
1576.18	9275.91
1574.37	9343.35
1572.56	9274.05
1570.75	9134.39
1568.94	9277.71
1567.13	9164.34
1565.32	9093.8
1563.5	9074.31
1561.69	8897.71
1559.87	8948.56
1558.06	8999.38
1556.24	8883.55
1554.43	8879.3
1552.61	8850.27
1550.79	8916.17
1548.97	8667.14
1547.16	8654.7
1545.34	8517.22
1543.52	8565.28
1541.7	8598.2
1539.87	8327.7
1538.05	8488.3
1536.23	8393.62
1534.41	8410.09
1532.58	8357.99
1530.76	8241.51
1528.94	8330.62
1527.11	8212.85
1525.29	8264.94
1523.46	8100.72
1521.63	8055.66
1519.8	8046.19
1517.98	8039.46
1516.15	8030
1514.32	8002.78
1512.49	7900.44
1510.66	7904.68
1508.83	7884.35
1506.99	8008.7
1505.16	7846.45
1503.33	7820.69
1501.5	7808.59
1499.66	7905.53
1497.83	7811.65
1495.99	7893.54
1494.16	7747.98
1492.32	7779.47
1490.48	7704.79
1488.64	7719.95
1486.81	7720.14
1484.97	7705.37
1483.13	7615.86
1481.29	7588.9
1479.45	7579.62
1477.6	7560.84
1475.76	7577.35
1473.92	7607.42
1472.08	7646.97
1470.23	7624.11
1468.39	7618.89
1466.54	7610.96
1464.7	7789.96
1462.85	7692.61
1461	7652.17
1459.16	7703.78
1457.31	7632.25
1455.46	7729.8
1453.61	7727.25
1451.76	7638.21
1449.91	7714.04
1448.06	7753.36
1446.21	7740
1444.36	7719.89
1442.5	7709.25
1440.65	7733.67
1438.79	7741.9
1436.94	7797.3
1435.08	7726
1433.23	7660.13
1431.37	7683.18
1429.51	7606.6
1427.66	7480.28
1425.8	7643.26
1423.94	7620.56
1422.08	7662.39
1420.22	7580.56
1418.36	7447.74
1416.5	7648.05
1414.63	7516.63
1412.77	7653.71
1410.91	7515.66
1409.04	7574.86
1407.18	7581.72
1405.31	7659.62
1403.45	7492.27
1401.58	7580.86
1399.71	7649.3
1397.85	7682.89
1395.98	7652.23
1394.11	7723.25
1392.24	7723.35
1390.37	7751.52
1388.5	7639.36
1386.63	7782.42
1384.75	7783.83
1382.88	7853.31
1381.01	7771.96
1379.13	7909.44
1377.26	7728.09
1375.38	7864.16
1373.51	7833.54
1371.63	7945.5
1369.75	8044.06
1367.88	7909.56
1366	7980.12
1364.12	8034.66
1362.24	8031.97
1360.36	7996.04
1358.48	8150.19
1356.6	7980.05
1354.71	8086.29
1352.83	8107.48
1350.95	8075.56
1349.06	8033.04
1347.18	8107.28
1345.29	7975.94
1343.41	8051.47
1341.52	8113.69
1339.63	8199.72
1337.75	8161.21
1335.86	8030.06
1333.97	8073.68
1332.08	8066.99
1330.19	8086.76
1328.3	7999.43
1326.41	7959.73
1324.51	7888.36
1322.62	7806.46
1320.73	7879.08
1318.83	7789.32
1316.94	7942.38
1315.04	7864.52
1313.15	7757.71
1311.25	7817.04
1309.35	7798.59
1307.45	7723.52
1305.56	7648.49
1303.66	7716.98
1301.76	7663.06
1299.86	7755.18
1297.95	7674.98
1296.05	7529.11
1294.15	7592.26
1292.25	7593.63
1290.34	7618.64
1288.44	7589.8
1286.53	7532.12
1284.63	7479.72
1282.72	7488.99
1280.81	7355.36
1278.91	7557.3
1277	7410.63
1275.09	7444.79
1273.18	7426.55
1271.27	7502.55
1269.36	7472.53
1267.45	7462.15
1265.53	7472.68
1263.62	7544.64
1261.71	7474.14
1259.79	7504.25
1257.88	7467.75
1255.96	7529.16
1254.05	7507.03
1252.13	7540.99
1250.21	7438.03
1248.29	7359.9
1246.37	7542.41
1244.45	7466.9
1242.53	7288.59
1240.61	7396.73
1238.69	7365.58
1236.77	7494.44
1234.85	7549.09
1232.92	7433.43
1231	7468.58
1229.08	7408.87
1227.15	7386.87
1225.22	7457.03
1223.3	7525.85
1221.37	7390.97
1219.44	7494.77
1217.51	7592.01
1215.58	7500
1213.65	7589.41
1211.72	7472.86
1209.79	7585.5
1207.86	7575.14
1205.93	7513.04
1203.99	7551.84
1202.06	7753.5
1200.13	7684.93
1198.19	7731.39
1196.25	7777.8
1194.32	7658.95
1192.38	7749.24
1190.44	7776.24
1188.5	7827.73
1186.56	7845.67
1184.62	7763.07
1182.68	7743.66
1180.74	7779.63
1178.8	7850.33
1176.86	7906.83
1174.91	7954.28
1172.97	7973.4
1171.03	8033.65
1169.08	7897.23
1167.13	8097.49
1165.19	8089.56
1163.24	8126.57
1161.29	8104.51
1159.34	8219.75
1157.39	8210.5
1155.44	8234.59
1153.49	8327.86
1151.54	8282.71
1149.59	8226.06
1147.64	8428.06
1145.68	8384.19
1143.73	8344.19
1141.78	8334.91
1139.82	8445.81
1137.86	8467.17
1135.91	8529.4
1133.95	8548.15
1131.99	8591.16
1130.03	8608.6
1128.07	8664.31
1126.11	8653.65
1124.15	8714.4
1122.19	8666.77
1120.23	8844.68
1118.27	8785.57
1116.3	8942.94
1114.34	8696.74
1112.37	8766.24
1110.41	8904.37
1108.44	9001.72
1106.47	8964.27
1104.51	8998
1102.54	8985.98
1100.57	9112.36
1098.6	9119.34
1096.63	9090.79
1094.66	9190.36
1092.69	9144.05
1090.71	9192.83
1088.74	9198.5
1086.77	9300.41
1084.79	9211.07
1082.82	9577.44
1080.84	9271.71
1078.86	9454.4
1076.89	9344.89
1074.91	9516.05
1072.93	9440.7
1070.95	9477.82
1068.97	9735.87
1066.99	9714.79
1065.01	9768.17
1063.03	9728.18
1061.04	9790.34
1059.06	9815.9
1057.08	9981.29
1055.09	9904.75
1053.11	9889.95
1051.12	10136.9
1049.13	9694.29
1047.14	10039.3
1045.16	9989.24
1043.17	10000.8
1041.18	10038.8
1039.19	10069.2
1037.2	10114.6
1035.2	10073.4
1033.21	10024.7
1031.22	10170.4
1029.22	10042.7
1027.23	10184.6
1025.23	10212.3
1023.24	10215
1021.24	10081.2
1019.24	10264.1
1017.25	10147.9
1015.25	10281.9
1013.25	10313.3
1011.25	10399.6
1009.25	10316
1007.24	10349.8
1005.24	10489.8
1003.24	10444.9
1001.23	10474.9
999.23	10629.6
997.225	10466.2
995.219	10578.4
993.212	10572.2
991.205	10644.4
989.197	10757.7
987.188	10729
985.178	10773.7
983.168	10789.8
981.157	10735
979.146	10864.2
977.133	10951
975.12	10783.2
973.106	10944.5
971.092	10837.6
969.077	10800.3
967.061	10817.6
965.044	10841
963.027	10948.7
961.009	10871.7
958.99	11103.1
956.97	10982.8
954.95	11045.8
952.929	11027
950.907	11004.5
948.885	11088.4
946.862	11049.8
944.838	11138.5
942.814	11158
940.788	11012.1
938.762	11102
936.736	11154.8
934.708	11274.1
932.68	11251.6
930.651	11150.2
928.622	11328.6
926.591	11255.6
924.56	11409.1
922.528	11464.1
920.496	11565.8
918.463	11513.7
916.429	11609.1
914.394	11639.4
912.359	11600.8
910.322	11731.8
908.286	11615.9
906.248	11663.2
904.21	11781.7
902.171	11733.4
900.131	11790.5
898.09	11776.4
896.049	11924.1
894.007	11847.6
891.964	12107.7
889.921	11928.4
887.877	12146.7
885.832	12131.3
883.786	12211.3
881.74	12217.9
879.693	12385.7
877.645	12443.5
875.596	12407.3
873.547	12583.4
871.497	12759.4
869.446	12767
867.394	12878.2
865.342	12832.1
863.289	12968.7
861.235	13093.1
859.181	12879.1
857.126	13089.8
855.07	13102.1
853.013	13261.4
850.956	13135.2
848.897	13335.7
846.838	13320
844.779	13369.8
842.718	13426.8
840.657	13360.1
838.595	13649.9
836.533	13606.2
834.469	13594
832.405	13772
830.34	13868.7
828.274	13735.4
826.208	13828.4
824.141	13963.7
822.073	13859.5
820.004	14015.2
817.935	14071.8
815.865	14100.5
813.794	14124.3
811.722	14204.9
809.65	14380.7
807.577	14285
805.503	14541.4
803.428	14514.5
801.353	14565.8
799.277	14619.5
797.2	14725
795.122	14819.5
793.044	14900.7
790.964	14950.6
788.885	14917.5
786.804	15174
784.722	15204.5
782.64	15212.2
780.557	15377.1
778.473	15463.9
776.389	15455.8
774.304	15639.6
772.218	15783.7
770.131	15739.6
768.043	15713.5
765.955	15904.1
763.866	15947.4
761.776	15848.2
759.686	16051.7
757.594	16320.8
755.502	16310.1
753.409	16420
751.316	16408
749.221	16452.1
747.126	16553.5
745.03	16616.6
742.933	16620
740.836	16854.7
738.738	16972.5
736.639	16955.5
734.539	17014.8
732.438	16987.1
730.337	17265.2
728.235	17225.6
726.132	17274
724.028	17400.7
721.924	17478.7
719.819	17586.3
717.713	17677.1
715.606	17856.9
713.498	17814.8
711.39	17862.8
709.281	18022.1
707.171	18002.5
705.061	18399.8
702.949	18231.9
700.837	18172
698.724	18314.3
696.61	18378.6
694.496	18461.6
692.381	18704.2
690.264	18658.3
688.148	18743.5
686.03	18815.7
683.911	18779.3
681.792	19054.3
679.672	19029.5
677.552	19266.5
675.43	19392.5
673.308	19485.5
671.184	19518.3
669.061	19167.4
666.936	19622.7
664.81	19768.3
662.684	19489.4
660.557	19758.4
658.429	19714.6
656.3	19806
654.171	20159
652.041	20212.6
649.91	20335.3
647.778	20508.3
645.645	20470.2
643.512	20615
641.378	20561.6
639.243	20856.1
637.107	21166.7
634.97	20854.6
632.833	21044.5
630.695	21175.8
628.556	21189
626.416	21530.4
624.276	21682.4
622.134	21565.7
619.992	21759.6
617.849	21917.1
615.705	21870.5
613.561	22038.3
