1729.68	36.9132
1727.92	8233.06
1726.16	8150.99
1724.4	8185.32
1722.63	8377.07
1720.87	8300.7
1719.11	8417.16
1717.34	8445.69
1715.58	8559.19
1713.81	8630.14
1712.05	8817.12
1710.28	8776.13
1708.51	9001.15
1706.75	9091.66
1704.98	9030.82
1703.21	9030.8
1701.44	9335.99
1699.67	9352.82
1697.9	9544.74
1696.13	9588.31
1694.36	9727.82
1692.59	9764.24
1690.81	9981.17
1689.04	9873.68
1687.27	10043.9
1685.49	10177.4
1683.72	10210.8
1681.94	10423
1680.17	10438
1678.39	10462.8
1676.61	10480.6
1674.83	10691.1
1673.06	10630
1671.28	10653.4
1669.5	10773.6
1667.72	10979.5
1665.94	10983
1664.16	11035.7
1662.37	11030.7
1660.59	11199.8
1658.81	11417.8
1657.03	11219.3
1655.24	11397.9
1653.46	11441.9
1651.67	11323.4
1649.89	11569
1648.1	11510.7
1646.31	11670.8
1644.53	11615.3
1642.74	11730.4
1640.95	11593.9
1639.16	11629.3
1637.37	11590.7
1635.58	11708.5
1633.79	11566.5
1632	11502.8
1630.21	11751.6
1628.42	11428.5
1626.62	11581
1624.83	11563.3
1623.04	11357.6
1621.24	11413.8
1619.44	11303
1617.65	11232.5
1615.85	11189.9
1614.06	11176.6
1612.26	11015.9
1610.46	10675.9
1608.66	10775.3
1606.86	10623.2
1605.06	10450.3
1603.26	10462.2
1601.46	10407.5
1599.66	10458.3
1597.86	10380
1596.05	10178.4
1594.25	10078
1592.45	10135.8
1590.64	9953.79
1588.84	9843.94
1587.03	9919.68
1585.22	9650.74
1583.42	9823.34
1581.61	9745.48
1579.8	9728.51
1577.99	9776.51
1576.18	9542.59
1574.37	9637.58
1572.56	9530.9
1570.75	9559.56
1568.94	9602.01
1567.13	9401.62
1565.32	9522.7
1563.5	9490.66
1561.69	9378.71
1559.87	9389.45
1558.06	9528.27
1556.24	9529.31
1554.43	9567.51
1552.61	9451.57
1550.79	9365.97
1548.97	9415.18
1547.16	9403.88
1545.34	9410.44
1543.52	9478.82
1541.7	9533.41
1539.87	9535.8
1538.05	9413.3
1536.23	9393.77
1534.41	9516.89
1532.58	9454.84
1530.76	9521.66
1528.94	9536.37
1527.11	9442.86
1525.29	9506.87
1523.46	9558.53
1521.63	9663.51
1519.8	9702.76
1517.98	9551.91
1516.15	9577.49
1514.32	9436.34
1512.49	9676.43
1510.66	9644.59
1508.83	9821.65
1506.99	9942.63
1505.16	10022.6
1503.33	10127.1
1501.5	10245.1
1499.66	10341.3
1497.83	10723.5
1495.99	10935.2
1494.16	11351
1492.32	11806
1490.48	12308.3
1488.64	12930.1
1486.81	13226.4
1484.97	13631.2
1483.13	13823.8
1481.29	13724.2
1479.45	13551.2
1477.6	13139.5
1475.76	12709
1473.92	12593.6
1472.08	12773.9
1470.23	12950
1468.39	13253.4
1466.54	14093.2
1464.7	15099.1
1462.85	16507.8
1461	18439.4
1459.16	21283.2
1457.31	23914
1455.46	26132
1453.61	26795.3
1451.76	26078.3
1449.91	24137.8
1448.06	21361.2
1446.21	18920
1444.36	17202.4
1442.5	15622.2
1440.65	14819.9
1438.79	14087
1436.94	13400.3
1435.08	13046.9
1433.23	12862.1
1431.37	12499.6
1429.51	12234.4
1427.66	11954.5
1425.8	11851
1423.94	11666.8
1422.08	11422.3
1420.22	11397
1418.36	11001
1416.5	11181.3
1414.63	10938.6
1412.77	11045.1
1410.91	10660.4
1409.04	10553.6
1407.18	10390.5
1405.31	10273.1
1403.45	10304.6
1401.58	10263.6
1399.71	10181.2
1397.85	10135
1395.98	10039.3
1394.11	10138.9
1392.24	10259.9
1390.37	10092.1
1388.5	10258.4
1386.63	10281.7
1384.75	10223.5
1382.88	10309.6
1381.01	10202
1379.13	9993.18
1377.26	10009.8
1375.38	9679.89
1373.51	9719.3
1371.63	9496.23
1369.75	9431.79
1367.88	9275.53
1366	9252.46
1364.12	9331.85
1362.24	9215.68
1360.36	9195.31
1358.48	9273.3
1356.6	9345.93
1354.71	9143.56
1352.83	9148.47
1350.95	9092.3
1349.06	9245.83
1347.18	9175.08
1345.29	9229.01
1343.41	9151.68
1341.52	9096.93
1339.63	9104.47
1337.75	9064.33
1335.86	9222.79
1333.97	9226.3
1332.08	9052.55
1330.19	8986.02
1328.3	8976.39
1326.41	9011.69
1324.51	8789.35
1322.62	8896.01
1320.73	8906.21
1318.83	8866.26
1316.94	8974.09
1315.04	8905.12
1313.15	8841.47
1311.25	8938.66
1309.35	8944.86
1307.45	8850.96
1305.56	8888.79
1303.66	9002.93
1301.76	8988.05
1299.86	9091.55
1297.95	9227.85
1296.05	9366.69
1294.15	9579.02
1292.25	9697.94
1290.34	10076.8
1288.44	10333.3
1286.53	10779.9
1284.63	11441.3
1282.72	11857
1280.81	12453.4
1278.91	12792.5
1277	12929.6
1275.09	12701.3
1273.18	12262.4
1271.27	11857.8
1269.36	11295.1
1267.45	10781.3
1265.53	10411.6
1263.62	9870.89
1261.71	9684.63
1259.79	9409.69
1257.88	9268.1
1255.96	9010.46
1254.05	8970.86
1252.13	8770.87
1250.21	8552.76
1248.29	8568.09
1246.37	8579.5
1244.45	8407.26
1242.53	8317.16
1240.61	8270.07
1238.69	8250.34
1236.77	8260.53
1234.85	8153.69
1232.92	8193.8
1231	8172.82
1229.08	8137.55
1227.15	8078.94
1225.22	8120.31
1223.3	8095.48
1221.37	8007.1
1219.44	8060.12
1217.51	8087.17
1215.58	8005.36
1213.65	8049.25
1211.72	8080.16
1209.79	8160.24
1207.86	8029.34
1205.93	8106.79
1203.99	8155.73
1202.06	8087.01
1200.13	8146.26
1198.19	8137.01
1196.25	8240.11
1194.32	8303.11
1192.38	8197.03
1190.44	8321.92
1188.5	8284.25
1186.56	8233.7
1184.62	8354.58
1182.68	8394.22
1180.74	8446.71
1178.8	8420.63
1176.86	8520.69
1174.91	8488.17
1172.97	8528.97
1171.03	8793.43
1169.08	8620.76
1167.13	8854.18
1165.19	8906.35
1163.24	9100.99
1161.29	9083.73
1159.34	9161.42
1157.39	9278.81
1155.44	9387.15
1153.49	9349.3
1151.54	9413.97
1149.59	9570.81
1147.64	9594.39
1145.68	9752.33
1143.73	9759.19
1141.78	10108.8
1139.82	10248.5
1137.86	10523.6
1135.91	10703.9
1133.95	10830.5
1131.99	11262.1
1130.03	11450.9
1128.07	11688.1
1126.11	11860
1124.15	11936.2
1122.19	11988.2
1120.23	12365
1118.27	12368.3
1116.3	12493.9
1114.34	12581.2
1112.37	12537.4
1110.41	12650
1108.44	12874.5
1106.47	13081
1104.51	13580.9
1102.54	13976.2
1100.57	14914.7
1098.6	15706.6
1096.63	16892.5
1094.66	18549.4
1092.69	20361.1
1090.71	22161.4
1088.74	23779.3
1086.77	24913.4
1084.79	25299.7
1082.82	24704.9
1080.84	23972.6
1078.86	22953.6
1076.89	21597.8
1074.91	20585.4
1072.93	19581.4
1070.95	18626
1068.97	17936.4
1066.99	17758.5
1065.01	17387.6
1063.03	17231.5
1061.04	17598.6
1059.06	17985.7
1057.08	19118.4
1055.09	20634.5
1053.11	22241.4
1051.12	25035.3
1049.13	27215.7
1047.14	29423.6
1045.16	30534.8
1043.17	29928.3
1041.18	27535.6
1039.19	25130.8
1037.2	22189.1
1035.2	19814.2
1033.21	17957.9
1031.22	16569.4
1029.22	15690.9
1027.23	14885.8
1025.23	14280.4
1023.24	13858.3
1021.24	13480.4
1019.24	13053.8
1017.25	12850.3
1015.25	12843.3
1013.25	12453.7
1011.25	12324.3
1009.25	12380
1007.24	12107.1
1005.24	12082.8
1003.24	12023.6
1001.23	11923.3
999.23	11845.5
997.225	11962.3
995.219	11860.9
993.212	11884.1
991.205	11791.5
989.197	11940.4
987.188	11572.8
985.178	11780.2
983.168	11809.6
981.157	11881.3
979.146	11883.3
977.133	11689
975.12	11661.2
973.106	11668.3
971.092	11645.5
969.077	11610.4
967.061	11565.4
965.044	11759.6
963.027	11780.2
961.009	11686.8
958.99	11858.5
956.97	11612.9
954.95	11712.8
952.929	11880.5
950.907	11835.5
948.885	11737.4
946.862	11862.9
944.838	11957.5
942.814	11947.1
940.788	11935.4
938.762	11994.1
936.736	11946.7
934.708	12052.2
932.68	12256.2
930.651	12356.6
928.622	12571.4
926.591	12485.7
924.56	12647.4
922.528	12689.6
920.496	12862.2
918.463	12951.1
916.429	13261.1
914.394	13309.2
912.359	13531.7
910.322	13923.4
908.286	14119.7
906.248	14571.1
904.21	14968.2
902.171	15696
900.131	16321.6
898.09	17175.8
896.049	18407.9
894.007	20309.9
891.964	22579.1
889.921	26633.9
887.877	32538.8
885.832	41022.6
883.786	52078.9
881.74	65009.9
879.693	74523.2
877.645	78952.3
875.596	73517.8
873.547	63480.7
871.497	51425.3
869.446	40808.5
867.394	32350.2
865.342	27225.9
863.289	23531.3
861.235	21152.7
859.181	19581.5
857.126	18253.4
855.07	17460.1
853.013	16818.1
850.956	16419.5
848.897	16241.1
846.838	15698.6
844.779	15527.9
842.718	15472.5
840.657	15224.3
838.595	15171.6
836.533	15110.3
834.469	14867.4
832.405	14895.9
830.34	14925.7
828.274	14913
826.208	14778.1
824.141	14797
822.073	14767.4
820.004	14852.7
817.935	14965.7
815.865	14927.7
813.794	14840.2
811.722	14931.4
809.65	15020.1
807.577	14907.3
805.503	15026
803.428	14977.2
801.353	15044
799.277	14891.7
797.2	14965.7
795.122	14874.8
793.044	15040.2
790.964	15056.4
788.885	15136.3
786.804	15117.5
784.722	15373.9
782.64	15157
780.557	15522.3
778.473	15417.1
776.389	15370.7
774.304	15445.4
772.218	15462.5
770.131	15575.5
768.043	15567.4
765.955	15503.1
763.866	15843.3
761.776	15976.2
759.686	15716.9
757.594	16163
755.502	16036.4
753.409	16158.4
751.316	16150.1
749.221	15880.3
747.126	16294.5
745.03	16345.8
742.933	16226.6
740.836	16525.8
738.738	16458.9
736.639	16389.8
734.539	16512.4
732.438	16592
730.337	16804.8
728.235	16823.6
726.132	16832.9
724.028	16962.2
721.924	16952.4
719.819	17022.2
717.713	16910.3
715.606	17309.9
713.498	17165.9
711.39	17411
709.281	17436.6
707.171	17580.6
705.061	17498.4
702.949	17592.6
700.837	17697.3
698.724	17804.4
696.61	17931.5
694.496	17736.9
692.381	17923
690.264	18077
688.148	18154.2
686.03	18089.7
683.911	18332
681.792	18499.8
679.672	18612.1
677.552	18548.6
675.43	18617.2
673.308	18709.2
671.184	18837.7
669.061	18738.9
666.936	18929.7
664.81	18842.7
662.684	18908.6
660.557	18992.1
658.429	19066.1
656.3	19128.3
654.171	19250.4
652.041	19297.2
649.91	19386.2
647.778	19617.1
645.645	19791.5
643.512	19616.6
641.378	19949
639.243	19851.4
637.107	20082.8
634.97	20028.5
632.833	20234
630.695	20411.2
628.556	20363.8
626.416	20514
624.276	20315.9
622.134	20767.2
619.992	20893.6
617.849	20841.5
615.705	20957.4
613.561	20947.2
