1729.72	53.9507
1727.96	7270.57
1726.2	7249.83
1724.44	7305.73
1722.67	7242.44
1720.91	7225.98
1719.15	7118.81
1717.38	7246.94
1715.62	7271.57
1713.85	7157.4
1712.09	7265.58
1710.32	7148.65
1708.55	7078.48
1706.79	7209.2
1705.02	7256.42
1703.25	7187.69
1701.48	7178.36
1699.71	7195.87
1697.94	7200.65
1696.17	7348.02
1694.4	7229.97
1692.63	7049.92
1690.85	7121.03
1689.08	7115.96
1687.31	7327.95
1685.53	7225.58
1683.76	7140.19
1681.98	7294.23
1680.21	7101.88
1678.43	7222.06
1676.65	7162.09
1674.87	7292.01
1673.1	7068.97
1671.32	7183.38
1669.54	7096.79
1667.76	7173.19
1665.98	7175.12
1664.2	7148.98
1662.41	7084.96
1660.63	7148.64
1658.85	7248.74
1657.07	7017.92
1655.28	7101.17
1653.5	7034.46
1651.71	7120.45
1649.93	7057.98
1648.14	7016.54
1646.35	7073.06
1644.57	7112.77
1642.78	6995.84
1640.99	6905.53
1639.2	6978.79
1637.41	6860.61
1635.62	6950.59
1633.83	6740.35
1632.04	6891.71
1630.25	6895.09
1628.46	6694.82
1626.66	6791.67
1624.87	6815.98
1623.08	6767.81
1621.28	6665.35
1619.49	6692.46
1617.69	6672.21
1615.89	6636.67
1614.1	6608.11
1612.3	6557.31
1610.5	6595.52
1608.7	6476.66
1606.9	6370.37
1605.1	6473.88
1603.3	6352.39
1601.5	6293.44
1599.7	6256.72
1597.9	6346.26
1596.09	6287.36
1594.29	6321.38
1592.49	6172.44
1590.68	6145.52
1588.88	6154.61
1587.07	6177.55
1585.27	6111.89
1583.46	6015.83
1581.65	6038.79
1579.84	6076.93
1578.03	5927.07
1576.22	6106.17
1574.41	6057.23
1572.6	5930.99
1570.79	5945.64
1568.98	5997.53
1567.17	5983.18
1565.36	6014.34
1563.54	6012.39
1561.73	5911.21
1559.92	5924.45
1558.1	5768.27
1556.28	5904.08
1554.47	5830.59
1552.65	5868.6
1550.83	5781.42
1549.02	5793.29
1547.2	5667.69
1545.38	5768.91
1543.56	5673.62
1541.74	5655.3
1539.92	5634.24
1538.1	5729.85
1536.27	5664.87
1534.45	5727.49
1532.63	5614.56
1530.8	5630.55
1528.98	5616.39
1527.15	5496.76
1525.33	5540.15
1523.5	5479.49
1521.67	5517.38
1519.85	5618.18
1518.02	5372.93
1516.19	5446.36
1514.36	5344.82
1512.53	5389.52
1510.7	5248.46
1508.87	5420.13
1507.04	5247.75
1505.2	5271.96
1503.37	5180.22
1501.54	5123.98
1499.7	5202.72
1497.87	5143.79
1496.03	5099.88
1494.2	5256.16
1492.36	5119.67
1490.52	5206.45
1488.69	5151.68
1486.85	5174.47
1485.01	5088.49
1483.17	5071.87
1481.33	5032.16
1479.49	5052.24
1477.65	5087.23
1475.81	5023.13
1473.96	5028.26
1472.12	4985.92
1470.28	4978.85
1468.43	4927.06
1466.59	4896.98
1464.74	4906.21
1462.89	4998.02
1461.05	5042.4
1459.2	4868.88
1457.35	4848.33
1455.5	4914.35
1453.65	4887.04
1451.8	4836.78
1449.95	4905.43
1448.1	4810.63
1446.25	4880.59
1444.4	4850.64
1442.55	4801.81
1440.69	4700.42
1438.84	4864.7
1436.98	4751.22
1435.13	4822.41
1433.27	4816.77
1431.41	4768.05
1429.56	4635.9
1427.7	4584.57
1425.84	4607.27
1423.98	4662.22
1422.12	4625.72
1420.26	4686
1418.4	4589.07
1416.54	4541.88
1414.68	4633.01
1412.81	4581.81
1410.95	4546.75
1409.09	4570.72
1407.22	4612.1
1405.36	4677.58
1403.49	4654.59
1401.62	4536.52
1399.76	4565.8
1397.89	4617.82
1396.02	4574.8
1394.15	4545.19
1392.28	4579.78
1390.41	4642.41
1388.54	4582.07
1386.67	4567.18
1384.8	4595.04
1382.93	4584.16
1381.05	4593.31
1379.18	4519.73
1377.3	4643.58
1375.43	4552.71
1373.55	4567.18
1371.68	4553.66
1369.8	4645.37
1367.92	4638.49
1366.04	4696.83
1364.16	4697.92
1362.28	4593.93
1360.4	4597.71
1358.52	4582.88
1356.64	4631.83
1354.76	4585.12
1352.88	4663.25
1350.99	4556.83
1349.11	4580.51
1347.22	4499.39
1345.34	4540.31
1343.45	4631.57
1341.57	4557.14
1339.68	4555.6
1337.79	4542.16
1335.9	4580.34
1334.01	4490.14
1332.12	4566.68
1330.23	4561.18
1328.34	4537.17
1326.45	4505.24
1324.56	4417.85
1322.67	4453.34
1320.77	4360.75
1318.88	4431.87
1316.98	4400.03
1315.09	4320.73
1313.19	4345.64
1311.29	4332.31
1309.4	4317.67
1307.5	4266.16
1305.6	4285.79
1303.7	4226.43
1301.8	4236.84
1299.9	4205.16
1298	4126.16
1296.1	4102.42
1294.19	4120.74
1292.29	4102.27
1290.39	4090.37
1288.48	4129.68
1286.58	4074.48
1284.67	4136.07
1282.76	4054.67
1280.86	3975.96
1278.95	3919.57
1277.04	4026.97
1275.13	3953.58
1273.22	3975.8
1271.31	3848.82
1269.4	3876.29
1267.49	3905.06
1265.58	3850.13
1263.66	3903.71
1261.75	3850.12
1259.84	3863.18
1257.92	3856.65
1256.01	3931.03
1254.09	3739.21
1252.17	3848.8
1250.26	3722.32
1248.34	3829.23
1246.42	3881.35
1244.5	3801.88
1242.58	3787.56
1240.66	3863.06
1238.74	3882.56
1236.82	3885.14
1234.89	3818.8
1232.97	3857.79
1231.05	3947.43
1229.12	3865.55
1227.2	3929.15
1225.27	3917.42
1223.34	3816.17
1221.42	3860.27
1219.49	3843.39
1217.56	3886.14
1215.63	3880.93
1213.7	3882.19
1211.77	3900.28
1209.84	3970.14
1207.91	3958.43
1205.97	3975.18
1204.04	3874.25
1202.11	3903.95
1200.17	3912.94
1198.24	3986.53
1196.3	3908.97
1194.36	3988.95
1192.43	3999.2
1190.49	3965.57
1188.55	3969.37
1186.61	4054.38
1184.67	3935.71
1182.73	4032.27
1180.79	4055.35
1178.85	4050.09
1176.9	4012.66
1174.96	4017.71
1173.02	4027.91
1171.07	4008.52
1169.13	4088.1
1167.18	3999.33
1165.23	4021.07
1163.29	4020.97
1161.34	3902.79
1159.39	3978.42
1157.44	4074.52
1155.49	4025.68
1153.54	4101.19
1151.59	4183.05
1149.64	4113.72
1147.68	4073.89
1145.73	4159.51
1143.78	4142.72
1141.82	4023.62
1139.87	4118.12
1137.91	4107.75
1135.95	4062.89
1134	4098.52
1132.04	4107.31
1130.08	4047.18
1128.12	4100.64
1126.16	4143.86
1124.2	4097.8
1122.24	4116.77
1120.28	4156.11
1118.31	4219.62
1116.35	4061.55
1114.39	4136.51
1112.42	4093.09
1110.45	4099.29
1108.49	4202.13
1106.52	4104.07
1104.55	4144.57
1102.59	4212.99
1100.62	4196.29
1098.65	4297.63
1096.68	4161.64
1094.71	4208.39
1092.73	4229.75
1090.76	4273.9
1088.79	4239.47
1086.81	4348.19
1084.84	4307.42
1082.86	4361.61
1080.89	4484.08
1078.91	4364.89
1076.93	4317.85
1074.96	4370.69
1072.98	4438.65
1071	4413.1
1069.02	4449.44
1067.04	4343.12
1065.06	4408.48
1063.07	4439.73
1061.09	4468.44
1059.11	4374.86
1057.12	4476.65
1055.14	4388.17
1053.15	4496.18
1051.17	4382.58
1049.18	4428.86
1047.19	4398.37
1045.2	4432.04
1043.22	4401.57
1041.23	4342.23
1039.24	4428.63
1037.24	4272.64
1035.25	4369.04
1033.26	4408.91
1031.27	4291.97
1029.27	4291.72
1027.28	4281.43
1025.28	4234.82
1023.29	4272.16
1021.29	4179.26
1019.29	4159.01
1017.29	4215.1
1015.3	4181.1
1013.3	4295.9
1011.3	4099.41
1009.29	4200.42
1007.29	4175.21
1005.29	4276.11
1003.29	4259.63
1001.28	4196.99
999.279	4255.37
997.273	4194.03
995.267	4190.05
993.261	4073.95
991.253	4098.67
989.245	4031.23
987.237	4072.12
985.227	4110.49
983.217	4085.41
981.206	4141.15
979.194	4118.56
977.182	4099.71
975.169	3975.31
973.155	4115.43
971.141	4050.68
969.126	4049.24
967.11	4052.76
965.093	4010.42
963.076	4039.97
961.058	3970.41
959.039	4019.77
957.019	4030.72
954.999	3981.03
952.978	3925.18
950.957	3999.22
948.934	3978.02
946.911	4023.56
944.887	4006.07
942.863	3988.59
940.838	3989.64
938.812	3979.59
936.785	3946.1
934.758	3939.76
932.729	3996.29
930.701	4044.15
928.671	4010.68
926.641	4021.57
924.61	4020.13
922.578	4082.68
920.545	4068.92
918.512	4124.03
916.478	3993.5
914.444	4011.73
912.408	3972.22
910.372	4010.09
908.335	4070.03
906.298	4019.49
904.259	4040.13
902.22	4030.1
900.181	3998.02
898.14	4023.54
896.099	4060.07
894.057	3947.2
892.014	4036.35
889.971	4030.01
887.927	3957.63
885.882	4018.56
883.836	4002.46
881.79	4012.02
879.743	3964.17
877.695	4039.65
875.646	4046.75
873.597	4057.49
871.547	4095.06
869.496	4147.22
867.445	4039.71
865.392	4149.11
863.339	4164.67
861.286	4059.7
859.231	4211.56
857.176	4149.22
855.12	4217.04
853.063	4192.42
851.006	4328.22
848.948	4273.21
846.889	4373.66
844.829	4469.19
842.769	4459.08
840.708	4401.68
838.646	4533.46
836.583	4530.61
834.52	4629.54
832.456	4560.04
830.391	4574.13
828.325	4628.15
826.259	4620.42
824.192	4661.08
822.124	4741.6
820.055	4733.84
817.986	4775.62
815.916	4775.1
813.845	4705.76
811.773	4838.01
809.701	4795.24
807.628	4729.59
805.554	4829.13
803.479	4875.58
801.404	4781.05
799.328	4784.13
797.251	4855.82
795.173	4784.27
793.095	4887.18
791.016	4876.98
788.936	4912.47
786.855	4952.73
784.774	4818.81
782.692	4859.08
780.609	4826.1
778.525	4728.36
776.44	4646.28
774.355	4693.74
772.269	4588.96
770.182	4587.29
768.095	4392.8
766.007	4395.99
763.918	4425.5
761.828	4341.34
759.737	4282.35
757.646	4334.58
755.554	4390.35
753.461	4400.69
751.367	4364.45
749.273	4395.09
747.178	4369.61
745.082	4348.93
742.985	4461.8
740.888	4433.95
738.79	4541.94
736.691	4453.33
734.591	4385.02
732.49	4350.09
730.389	4473.41
728.287	4506.26
726.184	4486.77
724.08	4495.82
721.976	4500.11
719.871	4386.82
717.765	4444.57
715.658	4580.59
713.551	4450.79
711.442	4434.92
709.333	4455.81
707.224	4315.53
705.113	4457.27
703.002	4429.58
700.89	4424.39
698.777	4528.07
696.663	4431.78
694.548	4478.62
692.433	4428.51
690.317	4485.95
688.2	4450.04
686.083	4485
683.964	4457.38
681.845	4406.18
679.725	4511.86
677.604	4550.28
675.483	4474.35
673.36	4485.66
671.237	4488.71
669.113	4556.49
666.989	4640.7
664.863	4546.06
662.737	4492.64
660.61	4574.43
658.482	4644.4
656.354	4553.42
654.224	4720.79
652.094	4741.33
649.963	4660.97
647.831	4700.28
645.699	4678.61
643.565	4871.4
641.431	4751.27
639.296	4836.16
637.16	4895.23
635.024	4880.54
632.886	4983.99
630.748	5025.4
628.609	5023.52
626.47	5166.53
624.329	5234.68
622.188	5223.39
620.046	5370.82
617.903	5301.16
615.759	5478.77
613.614	5437.09
