1500.940	191.097
1499.110	182.926
1497.270	191.034
1495.440	189.157
1493.600	195.896
1491.760	199.912
1489.920	208.909
1488.080	220.166
1486.240	219.641
1484.400	233.602
1482.560	232.168
1480.720	245.212
1478.870	255.533
1477.030	269.917
1475.190	270.280
1473.340	274.257
1471.500	298.557
1469.650	296.201
1467.810	298.812
1465.960	275.701
1464.110	285.083
1462.260	303.928
1460.420	288.501
1458.570	291.110
1456.720	303.177
1454.870	340.905
1453.010	363.752
1451.160	416.286
1449.310	451.240
1447.460	491.568
1445.600	526.924
1443.750	547.424
1441.900	568.810
1440.040	569.520
1438.180	542.392
1436.330	522.912
1434.470	497.163
1432.610	458.423
1430.750	406.705
1428.890	364.434
1427.040	328.913
1425.170	304.614
1423.310	293.766
1421.450	271.285
1419.590	254.190
1417.730	242.921
1415.860	239.711
1414.000	233.372
1412.140	227.038
1410.270	226.069
1408.400	218.848
1406.540	218.776
1404.670	216.918
1402.800	196.322
1400.940	194.026
1399.070	194.407
1397.200	194.343
1395.330	189.823
1393.460	186.642
1391.580	180.791
1389.710	174.499
1387.840	178.001
1385.970	188.174
1384.090	177.883
1382.220	167.599
1380.340	176.431
1378.470	167.487
1376.590	175.870
1374.710	166.932
1372.840	166.433
1370.960	164.160
1369.080	171.201
1367.200	160.060
1365.320	162.223
1363.440	157.738
1361.560	144.840
1359.680	141.693
1357.790	146.957
1355.910	142.926
1354.030	137.128
1352.140	142.831
1350.260	146.762
1348.370	138.758
1346.480	132.528
1344.600	137.783
1342.710	132.439
1340.820	141.222
1338.930	137.645
1337.040	133.189
1335.150	130.499
1333.260	136.626
1331.370	122.041
1329.480	136.976
1327.590	115.796
1325.690	126.761
1323.800	138.598
1321.900	128.436
1320.010	128.832
1318.110	122.196
1316.220	127.428
1314.320	124.311
1312.420	127.343
1310.520	132.568
1308.620	139.106
1306.720	121.951
1304.820	129.804
1302.920	128.884
1301.020	145.056
1299.120	141.941
1297.220	131.820
1295.310	144.472
1293.410	143.986
1291.500	149.188
1289.600	147.826
1287.690	141.656
1285.790	153.409
1283.880	159.475
1281.970	151.996
1280.060	175.959
1278.150	178.083
1276.240	183.259
1274.330	201.082
1272.420	213.660
1270.510	207.921
1268.600	215.695
1266.680	225.641
1264.770	221.646
1262.860	212.431
1260.940	228.461
1259.020	216.203
1257.110	211.782
1255.190	196.061
1253.270	193.388
1251.360	181.593
1249.440	167.635
1247.520	152.818
1245.600	152.766
1243.680	152.281
1241.760	148.760
1239.830	137.438
1237.910	138.259
1235.990	145.578
1234.060	130.803
1232.140	141.583
1230.210	146.297
1228.290	127.209
1226.360	139.277
1224.430	143.987
1222.510	140.048
1220.580	135.680
1218.650	129.587
1216.720	126.521
1214.790	141.155
1212.860	137.224
1210.920	138.040
1208.990	145.756
1207.060	136.654
1205.120	136.177
1203.190	139.577
1201.260	128.764
1199.320	136.470
1197.380	128.678
1195.450	143.261
1193.510	134.612
1191.570	138.005
1189.630	136.669
1187.690	142.638
1185.750	138.724
1183.810	144.259
1181.870	133.052
1179.930	131.719
1177.980	151.405
1176.040	135.060
1174.100	135.015
1172.150	145.252
1170.210	146.488
1168.260	153.718
1166.310	159.659
1164.360	172.013
1162.420	151.851
1160.470	147.096
1158.520	169.274
1156.570	154.261
1154.620	164.461
1152.670	164.405
1150.710	168.618
1148.760	165.574
1146.810	174.903
1144.850	174.844
1142.900	171.374
1140.940	186.658
1138.990	170.832
1137.030	193.771
1135.070	182.636
1133.110	192.363
1131.160	194.425
1129.200	196.911
1127.240	207.048
1125.280	194.227
1123.310	226.876
1121.350	218.304
1119.390	215.683
1117.430	233.011
1115.460	230.811
1113.500	236.246
1111.530	248.462
1109.570	251.768
1107.600	243.632
1105.630	274.893
1103.660	272.683
1101.690	277.246
1099.720	276.728
1097.750	269.020
1095.780	300.219
1093.810	292.509
1091.840	312.269
1089.870	307.094
1087.890	341.194
1085.920	370.626
1083.950	403.837
1081.970	403.277
1079.990	476.093
1078.020	499.538
1076.040	522.966
1074.060	529.107
1072.080	566.406
1070.100	565.793
1068.120	568.546
1066.140	559.097
1064.160	527.785
1062.180	510.369
1060.190	504.731
1058.210	484.394
1056.230	476.249
1054.240	455.515
1052.260	460.395
1050.270	459.399
1048.280	458.403
1046.300	492.207
1044.310	523.053
1042.320	560.582
1040.330	596.828
1038.340	622.164
1036.350	675.106
1034.360	706.255
1032.360	722.325
1030.370	723.333
1028.380	709.710
1026.380	684.398
1024.390	624.853
1022.390	575.787
1020.390	508.389
1018.400	476.086
1016.400	460.908
1014.400	416.134
1012.400	383.479
1010.400	391.265
1008.400	364.472
1006.400	339.780
1004.400	343.826
1002.400	336.218
1000.390	334.439
998.388	313.949
996.383	322.155
994.377	318.305
992.371	302.826
990.365	304.383
988.357	312.996
986.349	321.188
984.340	309.877
982.331	310.600
980.320	299.301
978.309	317.017
976.298	299.510
974.285	309.346
972.272	313.379
970.259	320.306
968.244	310.681
966.229	318.018
964.213	303.853
962.197	313.254
960.180	316.038
958.162	300.236
956.143	312.518
954.124	314.061
952.104	316.841
950.084	315.495
948.062	331.052
946.040	328.466
944.018	306.105
941.994	325.357
939.970	321.951
937.945	331.717
935.920	322.552
933.893	329.432
931.867	337.953
929.839	339.480
927.811	349.223
925.782	348.282
923.752	352.267
921.721	351.735
919.690	365.974
917.659	360.926
915.626	373.511
913.593	376.251
911.559	377.760
909.524	364.933
907.489	378.727
905.453	376.550
903.416	380.102
901.379	397.967
899.341	423.180
897.302	417.311
895.262	417.167
893.222	455.825
891.181	467.917
889.139	499.183
887.097	522.268
885.054	580.822
883.010	641.374
880.966	733.677
878.920	880.108
876.874	1034.584
874.828	1244.327
872.781	1481.200
870.732	1665.417
868.684	1890.173
866.634	2016.387
864.584	2134.780
862.533	2076.343
860.482	2023.630
858.429	1825.183
856.376	1603.333
854.323	1409.630
852.268	1210.387
850.213	1004.791
848.157	846.763
846.101	756.108
844.043	674.428
841.985	628.033
839.926	578.431
837.867	537.767
835.807	537.985
833.746	527.689
831.684	489.913
829.622	494.592
827.559	489.976
825.495	472.039
823.431	476.719
821.366	485.026
819.300	480.824
817.233	478.237
815.166	460.334
813.098	467.025
811.029	470.084
808.960	464.686
806.889	469.757
804.818	475.630
802.747	485.922
800.674	467.256
798.601	468.701
796.527	472.958
794.453	471.186
792.378	490.698
790.302	482.097
788.225	479.120
786.147	474.139
784.069	472.370
781.990	470.602
779.911	466.431
777.830	486.697
775.749	482.923
773.667	480.753
771.585	470.981
769.502	478.017
767.418	489.447
765.333	482.480
763.248	481.112
761.161	492.928
759.074	481.974
756.987	471.826
754.898	472.858
752.809	494.632
750.720	489.275
748.629	492.293
746.538	496.504
744.446	491.550
742.353	503.722
740.259	481.255
738.165	498.197
736.070	506.773
733.975	508.186
731.878	503.636
729.781	497.101
727.683	504.872
725.584	505.092
723.485	479.113
721.385	495.611
719.284	482.744
717.183	515.487
715.080	514.513
712.977	507.992
710.873	498.704
708.769	507.635
706.664	502.708
704.558	504.114
702.451	506.310
700.343	519.972
698.235	512.674
696.126	514.865
694.017	519.819
691.906	514.898
689.795	523.401
687.683	532.687
685.570	511.988
683.457	511.019
681.343	520.300
679.228	537.454
677.112	530.175
674.996	515.813
672.879	519.568
670.761	510.335
668.642	518.809
666.523	550.868
664.403	534.952
662.282	541.443
660.160	540.467
658.038	528.889
655.915	530.273
653.791	546.565
651.666	553.432
649.541	558.727
647.415	547.163
645.288	539.134
643.160	547.952
641.032	574.383
638.903	553.828
636.773	550.893
634.642	546.787
632.511	550.895
630.379	559.299
628.246	570.041
626.112	565.934
623.978	567.686
621.842	555.386
619.707	575.868
617.570	564.354
615.432	555.967
613.294	553.042
611.155	578.950
609.016	569.009
606.875	581.266
604.734	583.784
602.592	594.082
600.449	580.649
598.306	586.663
596.162	586.844
594.017	597.126
591.871	591.866
589.724	596.703
587.577	624.045
585.429	580.374
583.280	581.719
581.131	589.654
578.980	606.884
576.829	608.219
574.677	614.586
572.525	607.013
570.371	607.958
568.217	619.348
566.062	609.847
563.907	618.908
561.750	594.729
559.593	626.581
557.435	629.062
555.276	621.504
553.117	632.859
550.957	617.204
548.795	631.638
546.634	640.665
544.471	635.043
542.308	616.712
540.144	625.349
537.979	637.830
535.813	654.918
533.647	628.913
531.479	643.685
529.311	643.456
527.143	645.917
524.973	652.600
522.803	659.279
520.632	642.539
518.460	652.671
516.287	668.547
514.114	665.242
511.940	665.388
509.765	672.430
507.589	647.294
505.413	665.059
503.235	669.414
501.057	677.593
498.878	670.467
496.699	680.550
494.518	653.171
492.337	660.961
490.155	687.841
487.973	680.724
485.789	692.693
483.605	705.036
481.420	692.580
479.234	711.394
477.047	687.130
474.860	717.743
472.672	712.916
470.483	711.900
468.293	722.681
466.102	729.651
463.911	729.770
461.719	731.789
459.526	745.968
457.332	727.087
455.138	756.826
452.943	742.509
450.747	761.596
448.550	756.012
446.352	767.876
444.154	764.568
441.954	798.018
439.754	815.157
437.554	830.010
435.352	821.007
433.150	858.172
430.947	868.833
428.743	904.063
426.538	914.323
424.332	913.617
422.126	937.461
419.919	913.714
417.711	901.687
415.502	921.360
413.293	904.811
411.083	898.076
408.872	879.662
406.660	863.899
404.447	840.615
402.234	820.735
400.019	807.268
397.804	797.948
395.588	783.370
393.372	782.336
391.154	782.055
388.936	772.005
386.717	761.213
384.497	748.925
382.277	752.408
380.055	764.892
377.833	750.366
375.610	740.724
373.386	740.832
371.161	751.803
368.936	735.804
366.710	726.930
364.483	726.667
362.255	720.795
360.026	720.908
357.796	717.284
355.566	738.323
353.335	733.948
351.103	723.228
348.871	715.875
346.637	709.274
344.403	714.985
342.168	726.658
339.932	702.542
337.695	723.524
335.457	698.310
333.219	709.971
330.980	714.552
328.740	719.130
326.499	734.489
324.258	712.290
322.015	733.214
319.772	720.690
317.528	723.400
315.283	734.274
313.037	738.090
310.791	756.371
308.544	739.781
306.295	752.857
304.047	763.701
301.797	761.942
299.546	760.555
297.295	781.378
295.043	800.705
292.790	797.826
290.536	830.813
288.281	830.881
286.026	814.692
283.770	845.051
281.512	876.866
279.255	870.642
276.996	887.666
274.736	894.721
272.476	940.479
270.215	964.460
267.953	985.107
265.690	1009.056
263.426	1003.536
261.162	1084.867
258.896	1090.727
256.630	1119.380
254.363	1150.217
252.095	1171.847
249.827	1173.623
247.557	1208.817
245.287	1266.737
243.016	1279.120
240.744	1335.507
238.471	1359.223
236.198	1422.870
233.923	1410.993
231.648	1469.810
229.372	1482.457
227.095	1570.490
224.818	1559.670
222.539	1581.777
220.260	1661.630
217.979	1697.207
215.698	1736.407
213.416	1784.710
211.134	1842.103
208.850	1897.263
206.566	1933.050
204.281	1979.753
201.994	2016.937
199.708	2108.393
197.420	2136.767
195.131	2203.710
192.842	2300.457
190.552	2326.543
188.261	2379.887
185.969	2451.007
183.676	2523.167
181.382	2532.413
179.088	2604.493
176.793	2632.583
174.497	2756.830
172.200	2791.013
169.902	2803.773
167.603	2866.190
165.304	2935.083
163.003	2961.903
160.702	3068.733
158.400	3083.177
156.097	3128.727
153.794	3146.390
151.489	3189.710
149.184	3226.137
146.877	3255.303
144.570	3284.813
142.262	3314.297
139.954	3460.343
137.644	4227.957
135.334	3437.970
133.022	3411.467
130.710	3387.507
128.397	3472.370
126.083	3470.373
123.768	3492.137
121.453	3539.800
119.136	3507.200
116.819	3523.533
114.501	3577.237
112.182	3531.000
109.862	3439.537
107.542	3406.313
105.220	3334.347
102.898	3166.623
100.574	3052.830
