1729.72	45.4322
1727.96	6356.24
1726.2	6340.05
1724.44	6223.13
1722.67	6165.86
1720.91	6353.93
1719.15	6217.26
1717.38	6253.57
1715.62	6287.01
1713.85	6255.29
1712.09	6383.57
1710.32	6278.24
1708.55	6304.56
1706.79	6188.01
1705.02	6375.52
1703.25	6290.11
1701.48	6194.87
1699.71	6325.7
1697.94	6298.28
1696.17	6280.76
1694.4	6288.65
1692.63	6286.66
1690.85	6224.03
1689.08	6236.16
1687.31	6306.07
1685.53	6339.29
1683.76	6195.02
1681.98	6228.26
1680.21	6289.63
1678.43	6218.68
1676.65	6229.37
1674.87	6352.56
1673.1	6224.01
1671.32	6320.41
1669.54	6197.57
1667.76	6055.15
1665.98	6186.61
1664.2	6228.16
1662.41	6231.79
1660.63	6274.7
1658.85	6164.72
1657.07	6190.8
1655.28	6128.56
1653.5	6132.21
1651.71	5993
1649.93	6125.5
1648.14	6007.38
1646.35	5985.87
1644.57	6223.15
1642.78	6084.13
1640.99	6073.8
1639.2	6062.07
1637.41	6071.31
1635.62	5963.23
1633.83	5913.86
1632.04	5952.44
1630.25	5921.23
1628.46	5913.76
1626.66	5991.34
1624.87	5940.64
1623.08	5986.11
1621.28	5844.89
1619.49	5870.87
1617.69	5906.57
1615.89	5773.86
1614.1	5780.36
1612.3	5765.98
1610.5	5751.62
1608.7	5671.94
1606.9	5664.56
1605.1	5630.79
1603.3	5599.82
1601.5	5574.42
1599.7	5449.13
1597.9	5466.8
1596.09	5564.88
1594.29	5460.5
1592.49	5547.44
1590.68	5434.82
1588.88	5416.45
1587.07	5414.7
1585.27	5421.26
1583.46	5386.3
1581.65	5343.07
1579.84	5330.28
1578.03	5353.44
1576.22	5348.94
1574.41	5291.96
1572.6	5240.54
1570.79	5313.39
1568.98	5350.31
1567.17	5264.42
1565.36	5232.38
1563.54	5190.7
1561.73	5279.98
1559.92	5188.71
1558.1	5286.2
1556.28	5210.13
1554.47	5153.39
1552.65	5180.61
1550.83	5132.16
1549.02	5185.5
1547.2	5182.44
1545.38	5101.05
1543.56	5071.92
1541.74	5042.8
1539.92	5035.67
1538.1	5001.09
1536.27	4926.75
1534.45	5000.58
1532.63	4977.01
1530.8	5026.11
1528.98	4949.11
1527.15	4892.7
1525.33	4803.47
1523.5	4910.05
1521.67	4876.97
1519.85	4770.05
1518.02	4830.03
1516.19	4825.72
1514.36	4796.81
1512.53	4830.76
1510.7	4751.34
1508.87	4813.95
1507.04	4802.82
1505.2	4787.61
1503.37	4803.77
1501.54	4766.75
1499.7	4780.18
1497.87	4684.59
1496.03	4831.53
1494.2	4795.91
1492.36	4768.47
1490.52	4848.55
1488.69	4920.42
1486.85	4818.17
1485.01	4957.98
1483.17	4880.24
1481.33	4718.33
1479.49	4826.79
1477.65	4849.64
1475.81	4727.25
1473.96	4778.61
1472.12	4755.34
1470.28	4675.13
1468.43	4825.4
1466.59	4907.82
1464.74	4968.52
1462.89	5201.14
1461.05	5208.9
1459.2	5445.35
1457.35	5597.77
1455.5	5632.44
1453.65	5675.19
1451.8	5439.52
1449.95	5272.9
1448.1	5176.62
1446.25	4929.2
1444.4	4785.85
1442.55	4772.13
1440.69	4701.76
1438.84	4654.37
1436.98	4623.17
1435.13	4633.77
1433.27	4528.52
1431.41	4512.21
1429.56	4407.06
1427.7	4419.06
1425.84	4428.36
1423.98	4366.38
1422.12	4346.11
1420.26	4418.58
1418.4	4191.42
1416.54	4332.38
1414.68	4292.01
1412.81	4263.74
1410.95	4199.27
1409.09	4213.97
1407.22	4166.98
1405.36	4205.81
1403.49	4288.82
1401.62	4228.46
1399.76	4202.95
1397.89	4235.01
1396.02	4217.54
1394.15	4155.95
1392.28	4118.46
1390.41	4224.02
1388.54	4206.58
1386.67	4183.8
1384.8	4290.57
1382.93	4136.96
1381.05	4282.37
1379.18	4239.59
1377.3	4299.51
1375.43	4184.76
1373.55	4175.37
1371.68	4207.28
1369.8	4159.26
1367.92	4196.47
1366.04	4189.75
1364.16	4085.9
1362.28	4121.77
1360.4	4127.04
1358.52	4188.13
1356.64	4218.61
1354.76	4088.36
1352.88	4092.3
1350.99	4155.96
1349.11	4170.49
1347.22	4127.97
1345.34	4080.18
1343.45	4020.48
1341.57	4139.72
1339.68	4056.2
1337.79	4139.59
1335.9	4150.11
1334.01	4083.87
1332.12	4090.43
1330.23	4013.68
1328.34	4009.68
1326.45	4058.55
1324.56	4102.1
1322.67	3971.29
1320.77	4013.52
1318.88	4026.69
1316.98	3971.24
1315.09	3901.32
1313.19	3898.68
1311.29	3930.32
1309.4	3902.64
1307.5	3811.76
1305.6	3907.9
1303.7	3849.99
1301.8	3802.63
1299.9	3852.65
1298	3848.71
1296.1	3817.18
1294.19	3853.99
1292.29	3872.39
1290.39	3860.58
1288.48	3905.21
1286.58	3810.72
1284.67	3927.49
1282.76	4012.71
1280.86	3848.8
1278.95	3889.43
1277.04	3834.4
1275.13	3897.27
1273.22	3840.96
1271.31	3783.39
1269.4	3683.98
1267.49	3673.58
1265.58	3733.77
1263.66	3689.38
1261.75	3634.56
1259.84	3506.64
1257.92	3536.78
1256.01	3523.83
1254.09	3538.29
1252.17	3560.56
1250.26	3365.08
1248.34	3438.23
1246.42	3451.39
1244.5	3463.24
1242.58	3469.87
1240.66	3467.38
1238.74	3434.97
1236.82	3492.33
1234.89	3459.94
1232.97	3504.25
1231.05	3478.36
1229.12	3488.87
1227.2	3430.54
1225.27	3417.69
1223.34	3384.08
1221.42	3462.05
1219.49	3476.42
1217.56	3432.46
1215.63	3499.96
1213.7	3365.34
1211.77	3492.38
1209.84	3400.58
1207.91	3470.58
1205.97	3456.46
1204.04	3491.48
1202.11	3508.38
1200.17	3452.9
1198.24	3515.02
1196.3	3442.78
1194.36	3570.69
1192.43	3513.98
1190.49	3550.18
1188.55	3579.91
1186.61	3587.71
1184.67	3542.66
1182.73	3608.43
1180.79	3559.54
1178.85	3587.92
1176.9	3567.38
1174.96	3624.05
1173.02	3521.2
1171.07	3630.55
1169.13	3639.58
1167.18	3639.61
1165.23	3647.35
1163.29	3652.51
1161.34	3623.01
1159.39	3644.86
1157.44	3535.87
1155.49	3755.16
1153.54	3682.1
1151.59	3647.51
1149.64	3688.52
1147.68	3715.41
1145.73	3732.04
1143.78	3714.12
1141.82	3780.62
1139.87	3748.63
1137.91	3733.27
1135.95	3753.7
1134	3746.01
1132.04	3899.2
1130.08	3874.88
1128.12	3819.95
1126.16	3876.02
1124.2	3842.8
1122.24	3895
1120.28	3860.52
1118.31	3868.09
1116.35	3868.02
1114.39	3901.05
1112.42	3912.41
1110.45	3974.65
1108.49	4027.94
1106.52	3945.2
1104.55	4051.82
1102.59	4092.33
1100.62	4172.16
1098.65	4316.67
1096.68	4403.98
1094.71	4593.97
1092.73	4665.91
1090.76	4879.75
1088.79	4956.61
1086.81	5092.94
1084.84	5120.28
1082.86	5050.15
1080.89	4947.17
1078.91	4825.28
1076.93	4765.44
1074.96	4705.63
1072.98	4539.73
1071	4540.67
1069.02	4436.81
1067.04	4527.4
1065.06	4556.1
1063.07	4429.64
1061.09	4539.04
1059.11	4547.54
1057.12	4674.46
1055.14	4758.47
1053.15	4997.29
1051.17	5209.51
1049.18	5325.95
1047.19	5436.02
1045.2	5469.32
1043.22	5285.16
1041.23	5135.04
1039.24	4878.27
1037.24	4649.31
1035.25	4512.12
1033.26	4435.26
1031.27	4362.21
1029.27	4287.95
1027.28	4085.91
1025.28	4068.19
1023.29	3967.81
1021.29	3940.12
1019.29	3876.16
1017.29	3831
1015.3	3843.41
1013.3	3794.54
1011.3	3764.46
1009.29	3838.1
1007.29	3866.72
1005.29	3855.37
1003.29	3787.86
1001.28	3903.8
999.279	3912.4
997.273	3775.12
995.267	3756.34
993.261	3722.62
991.253	3710.1
989.245	3707.54
987.237	3616.62
985.227	3703.67
983.217	3677.49
981.206	3701.05
979.194	3683.59
977.182	3585.38
975.169	3678.5
973.155	3631.26
971.141	3646.1
969.126	3598.91
967.11	3592.67
965.093	3591.4
963.076	3679.35
961.058	3675.57
959.039	3604.91
957.019	3632.11
954.999	3581.32
952.978	3602.31
950.957	3558.98
948.934	3557.72
946.911	3550.28
944.887	3626.84
942.863	3631.72
940.838	3621.79
938.812	3625.43
936.785	3641.41
934.758	3661.08
932.729	3677.03
930.701	3663.4
928.671	3636.22
926.641	3718.66
924.61	3692.71
922.578	3698.78
920.545	3677.78
918.512	3737.94
916.478	3721.86
914.444	3700.87
912.408	3682.35
910.372	3743.65
908.335	3822.09
906.298	3824.41
904.259	3865.97
902.22	3886.65
900.181	4039.69
898.14	4011.29
896.099	4281.75
894.057	4346.33
892.014	4677.67
889.971	5148.24
887.927	5716.31
885.882	6386.67
883.836	7577.17
881.79	8265.92
879.743	8620.78
877.695	8791.04
875.646	8033.69
873.597	7386.68
871.547	6355.99
869.496	5556.45
867.445	4982.92
865.392	4603.49
863.339	4335.15
861.286	4290.98
859.231	4140.98
857.176	4073.8
855.12	4074.77
853.063	4007.66
851.006	4065.75
848.948	4112.87
846.889	4014.25
844.829	4063.78
842.769	4097.5
840.708	4054.78
838.646	4124.86
836.583	4169.42
834.52	4063.72
832.456	4057.4
830.391	4212.12
828.325	4186.39
826.259	4177.62
824.192	4138.61
822.124	4183.06
820.055	4142.87
817.986	4153.45
815.916	4218.37
813.845	4237.36
811.773	4267.2
809.701	4292.19
807.628	4203.81
805.554	4309.57
803.479	4350.18
801.404	4260.67
799.328	4253.1
797.251	4288.87
795.173	4250.01
793.095	4320.63
791.016	4293.81
788.936	4357.16
786.855	4325.53
784.774	4308.34
782.692	4181.91
780.609	4185.18
778.525	4208.85
776.44	4063.4
774.355	4083.5
772.269	4073.62
770.182	3999.05
768.095	3857.47
766.007	3865.64
763.918	3845.08
761.828	3856.84
759.737	3860.21
757.646	3876.73
755.554	3929.09
753.461	3839.26
751.367	3909.5
749.273	3927.17
747.178	3957.95
745.082	3847.95
742.985	3851.32
740.888	3915.46
738.79	3923.56
736.691	3891.15
734.591	3931.4
732.49	3890.68
730.389	3921.37
728.287	4022.21
726.184	3989.83
724.08	3983.61
721.976	3926.31
719.871	4037.68
717.765	4000.59
715.658	3980.13
713.551	3971.55
711.442	3901.31
709.333	3870.24
707.224	3910.29
705.113	3910.03
703.002	3886.09
700.89	3881.11
698.777	3877.31
696.663	3987.06
694.548	3930.02
692.433	3940.39
690.317	3886.95
688.2	3871.35
686.083	3964.36
683.964	3944.02
681.845	3939.02
679.725	3944.64
677.604	3989.15
675.483	3970
673.36	4052.17
671.237	4047.14
669.113	4003.26
666.989	3968.83
664.863	3977.95
662.737	4010.57
660.61	4137.2
658.482	3994.68
656.354	4095.37
654.224	4117.33
652.094	4132.24
649.963	4121.32
647.831	4151.45
645.699	4267.14
643.565	4182.35
641.431	4262.79
639.296	4349.03
637.16	4361.46
635.024	4314.2
632.886	4416.7
630.748	4372.96
628.609	4460.16
626.47	4547.29
624.329	4526.91
622.188	4608.12
620.046	4719.6
617.903	4724.84
615.759	4761.56
613.614	4841.39
