1719.47	99.1963
1717.71	18874.2
1715.94	18835.7
1714.18	18671.2
1712.41	18693.6
1710.64	18602.8
1708.88	18783.7
1707.11	18625
1705.34	18641.8
1703.57	18669.8
1701.8	18569.3
1700.03	18362.8
1698.26	18396.6
1696.49	18464.2
1694.72	18219.8
1692.95	18300.1
1691.18	18422.7
1689.4	18519.8
1687.63	18408.2
1685.85	18574.3
1684.08	18437.4
1682.3	18366.8
1680.53	18567.9
1678.75	18351
1676.98	18211.5
1675.2	18270.4
1673.42	18164.8
1671.64	18361.4
1669.86	18241.8
1668.08	18264.1
1666.3	18078.6
1664.52	18204.8
1662.74	17922.6
1660.96	18036.1
1659.17	17897.1
1657.39	18012
1655.61	17982.5
1653.82	17775
1652.04	17688.1
1650.25	17571.8
1648.47	17886.8
1646.68	17855.9
1644.89	17626.4
1643.1	17576
1641.32	17704.6
1639.53	17532.7
1637.74	17332.9
1635.95	17425.1
1634.16	17467
1632.37	17147.4
1630.57	17277.2
1628.78	16886.8
1626.99	16891.1
1625.19	16910.8
1623.4	16699.2
1621.61	16784.3
1619.81	16844.4
1618.01	16885
1616.22	17034
1614.42	16843.5
1612.62	16685.1
1610.83	16800.7
1609.03	16682.8
1607.23	16474.6
1605.43	16466.5
1603.63	16351.5
1601.83	16301.8
1600.02	16360.4
1598.22	16337.1
1596.42	16225.1
1594.62	16121.4
1592.81	15923.6
1591.01	15901.9
1589.2	16074
1587.4	15953.9
1585.59	16110.7
1583.78	15774.8
1581.98	15852.7
1580.17	15771.6
1578.36	15821.8
1576.55	15596.9
1574.74	15634.7
1572.93	15671.1
1571.12	15624.6
1569.31	15488.5
1567.5	15388.3
1565.68	15311.6
1563.87	15415.5
1562.06	15464.3
1560.24	15357.3
1558.43	15356.5
1556.61	15335
1554.8	15264
1552.98	15191.6
1551.16	15267.8
1549.34	15137.7
1547.52	15209.8
1545.71	15335.4
1543.89	15217.8
1542.07	15045.3
1540.24	15023.9
1538.42	14927.1
1536.6	14859.1
1534.78	14792.6
1532.95	14678.1
1531.13	14678.8
1529.31	14661.6
1527.48	14598
1525.66	14593.2
1523.83	14580.2
1522	14472.9
1520.17	14380.6
1518.35	14393.7
1516.52	14446.4
1514.69	14274.9
1512.86	14268.9
1511.03	14023.9
1509.2	14170.9
1507.37	14107.5
1505.53	14040.2
1503.7	14054.7
1501.87	13829.2
1500.03	13812.4
1498.2	13833.7
1496.36	13698.4
1494.53	13639.5
1492.69	13573.8
1490.85	13591.1
1489.02	13426.1
1487.18	13296.6
1485.34	13430.9
1483.5	13399.3
1481.66	13301.2
1479.82	13324
1477.98	13262.6
1476.14	13258.2
1474.29	13224
1472.45	13161.3
1470.61	13087.8
1468.76	13026.6
1466.92	13002
1465.07	12931.3
1463.23	12958.2
1461.38	12809.1
1459.53	12919.9
1457.68	12769.6
1455.84	12735.6
1453.99	12805.8
1452.14	12638
1450.29	12804.1
1448.43	12752.6
1446.58	12562
1444.73	12609.2
1442.88	12545.6
1441.02	12513.2
1439.17	12789.5
1437.32	12627.6
1435.46	12484.6
1433.6	12601.7
1431.75	12462.9
1429.89	12438.6
1428.03	12460
1426.18	12274.3
1424.32	12459.8
1422.46	12334.7
1420.6	12259.4
1418.74	12280.8
1416.87	12298.3
1415.01	12248.5
1413.15	12201.5
1411.29	12231
1409.42	12218.9
1407.56	11961.4
1405.69	12277.8
1403.83	12193.3
1401.96	12125
1400.09	12191.9
1398.23	12246.8
1396.36	12387.2
1394.49	12231.9
1392.62	12017.9
1390.75	12181
1388.88	12156.9
1387.01	12245
1385.13	12160.8
1383.26	12150.1
1381.39	12260.8
1379.51	12160.6
1377.64	12344.6
1375.77	12423.2
1373.89	12361.7
1372.01	12357.6
1370.14	12317.5
1368.26	12418.6
1366.38	12429.1
1364.5	12399.6
1362.62	12505.9
1360.74	12574.8
1358.86	12505.5
1356.98	12526.5
1355.1	12378.9
1353.21	12609.8
1351.33	12539.2
1349.45	12501.8
1347.56	12431.3
1345.68	12416.5
1343.79	12244
1341.91	12296.9
1340.02	12276.8
1338.13	12328.3
1336.24	12217
1334.35	12294.9
1332.46	12204.8
1330.57	12125.3
1328.68	12168.8
1326.79	12039.2
1324.9	12049.6
1323.01	11930.7
1321.11	12103.6
1319.22	12015
1317.32	11950.3
1315.43	11898.8
1313.53	11661.4
1311.64	11755
1309.74	11669.3
1307.84	11513.9
1305.94	11515.3
1304.04	11324.5
1302.14	11244.3
1300.24	11298.4
1298.34	11255.2
1296.44	11167.2
1294.54	11105.6
1292.63	11025.7
1290.73	11067.9
1288.83	10967
1286.92	10857
1285.02	10794.3
1283.11	10805.1
1281.2	10734.6
1279.29	10736.2
1277.39	10525.5
1275.48	10476.1
1273.57	10658.5
1271.66	10559.3
1269.75	10485.1
1267.84	10358.6
1265.92	10621.8
1264.01	10644.3
1262.1	10427.7
1260.18	10378.5
1258.27	10346.2
1256.35	10447.1
1254.44	10304
1252.52	10327.9
1250.6	10384.3
1248.69	10293.5
1246.77	10278.2
1244.85	10289
1242.93	10143.6
1241.01	10218.3
1239.09	10272
1237.16	10295.8
1235.24	10275.4
1233.32	10297.9
1231.39	10497.1
1229.47	10277.9
1227.54	10193.9
1225.62	10305.9
1223.69	10341.3
1221.77	10287.2
1219.84	10163.1
1217.91	10426.7
1215.98	10265
1214.05	10372.9
1212.12	10401.7
1210.19	10420.2
1208.26	10495.6
1206.32	10423.4
1204.39	10457.3
1202.46	10325.8
1200.52	10490.2
1198.59	10427.2
1196.65	10523.1
1194.72	10497.5
1192.78	10510.7
1190.84	10553.5
1188.9	10458.3
1186.96	10343.9
1185.02	10269.4
1183.08	10330.3
1181.14	10344.8
1179.2	10499.6
1177.26	10601.5
1175.31	10518.1
1173.37	10674
1171.43	10703.7
1169.48	10790
1167.54	10574.3
1165.59	10809.6
1163.64	10735.2
1161.69	10889.4
1159.75	10726.5
1157.8	10835.7
1155.85	10861.5
1153.9	10760.3
1151.95	10889.9
1149.99	10881
1148.04	10927.2
1146.09	10818.4
1144.13	10860.7
1142.18	10831.4
1140.22	10928.7
1138.27	10827.8
1136.31	10831.7
1134.36	10858.6
1132.4	10799.9
1130.44	10788.5
1128.48	10883
1126.52	10827
1124.56	10990.3
1122.6	10846.2
1120.64	10921.5
1118.67	10978.8
1116.71	10868.1
1114.75	10953.4
1112.78	10942
1110.82	10864.4
1108.85	10788.1
1106.88	10948.4
1104.92	10995.4
1102.95	10882.3
1100.98	11105.8
1099.01	11176.9
1097.04	11038.5
1095.07	11156.4
1093.1	11167.7
1091.12	11324.8
1089.15	11244.9
1087.18	11295.4
1085.2	11313
1083.23	11419.2
1081.25	11413.9
1079.28	11407.4
1077.3	11398.4
1075.32	11467.7
1073.34	11475.1
1071.36	11659.3
1069.38	11556.7
1067.4	11507.3
1065.42	11465.4
1063.44	11410.9
1061.46	11477.5
1059.48	11643.7
1057.49	11543.9
1055.51	11577.6
1053.52	11595
1051.54	11604.8
1049.55	11477.4
1047.56	11377.7
1045.57	11507.1
1043.58	11337.1
1041.59	11496.5
1039.6	11510
1037.61	11503.5
1035.62	11293.6
1033.63	11328.5
1031.64	11110
1029.64	11123.7
1027.65	10892.9
1025.65	11025.7
1023.66	10989.2
1021.66	10979.1
1019.66	10817.5
1017.67	10845
1015.67	10661
1013.67	10694.8
1011.67	10498.5
1009.67	10559.8
1007.67	10548.6
1005.66	10634.8
1003.66	10397.6
1001.66	10507.5
999.653	10442.7
997.648	10376.6
995.642	10301.9
993.636	10283.3
991.628	10323.3
989.621	10252.4
987.612	10284.9
985.603	10219.1
983.593	10252.8
981.582	10333.7
979.571	10246.7
977.559	10169.8
975.546	10220.9
973.533	10072
971.518	10041.1
969.503	10227.4
967.488	10119.6
965.471	10065.2
963.454	9912.86
961.437	9940.31
959.418	10007.4
957.399	9945.64
955.379	9849.29
953.358	10051.2
951.337	9901.66
949.315	9899.38
947.292	9894.63
945.268	9913.35
943.244	9927.11
941.219	9919.88
939.193	9933.63
937.167	9867.17
935.14	9948.76
933.112	9883.57
931.083	9903.47
929.054	9837.11
927.024	9815.13
924.993	9794.4
922.962	9803.21
920.93	9768.96
918.897	9826.96
916.863	9950.08
914.829	9812.58
912.794	9869.27
910.758	9704.87
908.721	9878.17
906.684	9760.52
904.646	9685.88
902.607	9691
900.568	9806.44
898.527	9737.99
896.487	9822.7
894.445	9750.61
892.402	9744.67
890.359	9670.21
888.315	9749.92
886.271	9592.36
884.226	9661.03
882.179	9628.25
880.133	9593.03
878.085	9594.48
876.037	9582.49
873.988	9666.89
871.938	9591.46
869.888	9490.48
867.836	9693.04
865.785	9639.61
863.732	9626.4
861.678	9812.86
859.624	9784.99
857.569	9933.54
855.514	9945.78
853.457	9916.66
851.4	10216.9
849.342	10263
847.284	10373.5
845.224	10411
843.164	10421.8
841.103	10601.3
839.042	10735.7
836.979	10823.9
834.916	10832.1
832.853	10921.5
830.788	11029
828.723	10897.9
826.657	11099.6
824.59	11075.1
822.522	11245.2
820.454	11230.2
818.385	11211.7
816.315	11293.4
814.245	11177
812.173	11346.7
810.101	11363.1
808.028	11344.5
805.955	11274.1
803.881	11317
801.806	11398.5
799.73	11382.3
797.653	11373.3
795.576	11529.3
793.498	11425.2
791.419	11601.5
789.339	11538.3
787.259	11505.3
785.178	11581.6
783.096	11438.1
781.013	11414.7
778.93	11234.2
776.846	11022.6
774.761	10969.4
772.675	10571
770.589	10513.3
768.502	10299.8
766.414	10074.5
764.325	9988.28
762.236	10051.6
760.145	10049.2
758.054	9927.14
755.963	9919.92
753.87	9979.62
751.777	9833.85
749.683	9789.67
747.588	9849.34
745.492	9866.02
743.396	9880.3
741.299	9893.37
739.201	9930.26
737.102	9871.83
735.003	9745.56
732.903	9846.74
730.802	9838.37
728.7	9680.13
726.598	9934.61
724.494	9864.4
722.39	9856.02
720.286	9798.96
718.18	9797.73
716.074	9861.79
713.966	9854.6
711.859	9828.45
709.75	9842.62
707.64	9913.66
705.53	9950.29
703.419	9863.73
701.307	9893.25
699.195	9897.89
697.081	10085.9
694.967	9947.36
692.852	10041.8
690.737	9963.66
688.62	10000.1
686.503	9984.65
684.385	9993.94
682.266	9848.67
680.147	9991.28
678.026	9941.61
675.905	10224.3
673.783	10006.1
671.66	10188.5
669.537	10116.5
667.412	10183.3
665.287	10250.1
663.162	10093.5
661.035	10172
658.907	10299.9
656.779	10157.4
654.65	10361.5
652.52	10268.5
650.39	10357.3
648.258	10389.9
646.126	10472.8
643.993	10559.1
641.859	10700.5
639.725	10703.5
637.589	10767.5
635.453	10874.7
633.316	10967.7
631.179	11095.8
629.04	11365.2
626.901	11162.3
624.76	11348.6
622.62	11497.3
620.478	11874.7
618.335	12118.8
616.192	12166.8
614.048	12336
611.903	12463.1
609.757	12743.9
607.611	12832.3
605.463	13010.3
603.315	13282.4
601.166	13089
