1719.47	106.282
1717.71	17988.5
1715.94	17981.5
1714.18	17753.5
1712.41	17923.4
1710.64	17965.9
1708.88	17857
1707.11	17702.8
1705.34	17598.3
1703.57	17370.8
1701.8	17611.2
1700.03	17557.6
1698.26	17467.4
1696.49	17481.6
1694.72	17474.7
1692.95	17393
1691.18	17331.1
1689.4	17582.2
1687.63	17614.7
1685.85	17375.2
1684.08	17481
1682.3	17600.8
1680.53	17598
1678.75	17361.7
1676.98	17482.8
1675.2	17577.1
1673.42	17367.6
1671.64	17332.6
1669.86	17404.4
1668.08	17491.6
1666.3	17226.3
1664.52	17380.8
1662.74	17132.5
1660.96	17421.7
1659.17	17128.6
1657.39	16933.9
1655.61	16939.7
1653.82	16904.9
1652.04	16842.1
1650.25	16877.4
1648.47	16978.4
1646.68	16953.4
1644.89	16820.7
1643.1	16636.3
1641.32	16706.5
1639.53	16733.3
1637.74	16690.2
1635.95	16719.8
1634.16	16435.3
1632.37	16337.9
1630.57	16239.2
1628.78	16132.2
1626.99	16067.1
1625.19	16007.5
1623.4	15924.4
1621.61	16108.7
1619.81	15962.9
1618.01	15898
1616.22	16235.2
1614.42	16049.1
1612.62	15790.9
1610.83	16016.6
1609.03	15925.3
1607.23	15729.8
1605.43	15855.3
1603.63	15823.9
1601.83	15620.3
1600.02	15500.1
1598.22	15496.5
1596.42	15311.2
1594.62	15281.3
1592.81	15309.7
1591.01	15480.7
1589.2	15147.5
1587.4	15177.2
1585.59	15384.1
1583.78	15203.4
1581.98	15289.8
1580.17	14919.8
1578.36	14995.2
1576.55	14834.2
1574.74	15062.8
1572.93	14703.1
1571.12	14772.9
1569.31	14750.1
1567.5	14697.1
1565.68	14726.8
1563.87	14658.6
1562.06	14725.5
1560.24	14657.4
1558.43	14654
1556.61	14764.9
1554.8	14676.2
1552.98	14635.7
1551.16	14482.3
1549.34	14494.1
1547.52	14442.7
1545.71	14458.6
1543.89	14467.7
1542.07	14325.6
1540.24	14303.1
1538.42	14214.8
1536.6	14270.5
1534.78	14208.3
1532.95	14109
1531.13	14093.5
1529.31	13958.7
1527.48	13935
1525.66	14115.3
1523.83	13761.6
1522	13925.5
1520.17	13629.5
1518.35	13756.4
1516.52	13743.7
1514.69	13635.3
1512.86	13693.7
1511.03	13559.5
1509.2	13556.5
1507.37	13608
1505.53	13502.6
1503.7	13331.7
1501.87	13241.5
1500.03	13324.4
1498.2	13230.1
1496.36	13183.5
1494.53	13048.5
1492.69	12917.6
1490.85	13037.2
1489.02	12769
1487.18	12884.5
1485.34	12893.9
1483.5	12804
1481.66	12711.5
1479.82	12687
1477.98	12650.2
1476.14	12651.5
1474.29	12601.2
1472.45	12744.9
1470.61	12443.8
1468.76	12495.2
1466.92	12484.4
1465.07	12450.4
1463.23	12530.3
1461.38	12241.9
1459.53	12351.5
1457.68	12246
1455.84	12251.4
1453.99	12179.8
1452.14	12243.4
1450.29	12358.2
1448.43	12156.9
1446.58	12266.3
1444.73	12181.3
1442.88	12158.4
1441.02	12062.7
1439.17	12047.9
1437.32	11961.7
1435.46	12200.3
1433.6	11940.3
1431.75	11999.6
1429.89	11963.4
1428.03	11955.4
1426.18	11968.9
1424.32	11681.2
1422.46	11865.5
1420.6	11889.8
1418.74	11818.7
1416.87	11613.3
1415.01	11769.2
1413.15	11729.1
1411.29	11648.7
1409.42	11730.7
1407.56	11594
1405.69	11666.6
1403.83	11713.6
1401.96	11756.6
1400.09	11553.2
1398.23	11665.8
1396.36	11732.8
1394.49	11692.8
1392.62	11692.9
1390.75	11758.6
1388.88	11798.7
1387.01	11806.8
1385.13	11816.3
1383.26	11845.7
1381.39	11807
1379.51	11861.8
1377.64	12065.9
1375.77	11857.9
1373.89	11952.6
1372.01	12076.5
1370.14	12060.4
1368.26	11951.2
1366.38	11981.8
1364.5	11965.9
1362.62	12065.6
1360.74	11888.7
1358.86	12125.3
1356.98	11883.4
1355.1	11975.1
1353.21	12091.9
1351.33	11850.2
1349.45	11859.5
1347.56	12043.9
1345.68	11835.7
1343.79	11921.8
1341.91	11890
1340.02	11870.1
1338.13	11757.5
1336.24	11786.7
1334.35	11782.7
1332.46	11772.1
1330.57	11839.6
1328.68	11536.8
1326.79	11564.7
1324.9	11646.7
1323.01	11645.4
1321.11	11667.9
1319.22	11632.3
1317.32	11649.5
1315.43	11504.4
1313.53	11519
1311.64	11193.5
1309.74	11230.5
1307.84	11045
1305.94	11100.5
1304.04	11067.8
1302.14	10943
1300.24	10792
1298.34	10798.9
1296.44	10732.1
1294.54	10745.6
1292.63	10831.3
1290.73	10673.9
1288.83	10390.7
1286.92	10551.2
1285.02	10466.3
1283.11	10440.5
1281.2	10341.2
1279.29	10326
1277.39	10246.5
1275.48	10104.2
1273.57	10222.5
1271.66	10005.7
1269.75	10146.2
1267.84	10153.2
1265.92	10089.7
1264.01	10121.5
1262.1	10020.1
1260.18	9980.11
1258.27	10053.8
1256.35	9922.42
1254.44	9883.82
1252.52	9984.81
1250.6	9890.14
1248.69	9953.25
1246.77	9910.77
1244.85	9925.63
1242.93	9801.15
1241.01	9823.84
1239.09	9808.79
1237.16	9912.11
1235.24	9757.89
1233.32	9870.25
1231.39	9830.5
1229.47	9841.43
1227.54	9967.93
1225.62	9819.13
1223.69	9820.97
1221.77	9971.99
1219.84	9805.18
1217.91	9867.95
1215.98	9852.91
1214.05	9903.95
1212.12	9964.02
1210.19	10011.1
1208.26	9939.08
1206.32	9918.86
1204.39	10068.1
1202.46	10204.2
1200.52	10097.4
1198.59	10078.4
1196.65	10060.7
1194.72	10121.8
1192.78	10108
1190.84	9994.89
1188.9	9928.27
1186.96	9808.82
1185.02	9862.16
1183.08	9996.63
1181.14	9912.05
1179.2	9997.49
1177.26	10095.7
1175.31	10376.6
1173.37	10289.4
1171.43	10235.7
1169.48	10369.7
1167.54	10239
1165.59	10286.8
1163.64	10208.8
1161.69	10299
1159.75	10422.5
1157.8	10327.8
1155.85	10097.3
1153.9	10355.3
1151.95	10405.5
1149.99	10353.3
1148.04	10398.3
1146.09	10457.5
1144.13	10332.3
1142.18	10514.2
1140.22	10363.5
1138.27	10425.1
1136.31	10392.1
1134.36	10302.9
1132.4	10416.8
1130.44	10308.6
1128.48	10321.6
1126.52	10360.1
1124.56	10394.8
1122.6	10375.9
1120.64	10448.7
1118.67	10474.4
1116.71	10559.9
1114.75	10259.7
1112.78	10393.5
1110.82	10487.9
1108.85	10435.9
1106.88	10697.9
1104.92	10582.4
1102.95	10460.6
1100.98	10573.8
1099.01	10581.5
1097.04	10706
1095.07	10722.6
1093.1	10698.6
1091.12	10805.1
1089.15	10836.8
1087.18	10833.1
1085.2	10747
1083.23	10991.3
1081.25	10809.1
1079.28	10900.2
1077.3	10854.6
1075.32	10838.2
1073.34	11060.6
1071.36	11114.9
1069.38	11018.8
1067.4	11107.1
1065.42	11035.1
1063.44	11066.5
1061.46	11037.5
1059.48	11163.4
1057.49	11115.4
1055.51	11095.2
1053.52	11056
1051.54	11087.4
1049.55	11113.7
1047.56	11004.2
1045.57	11066.9
1043.58	11017.8
1041.59	10985
1039.6	11005.1
1037.61	10694.8
1035.62	10795.2
1033.63	10785.2
1031.64	10612
1029.64	10617.1
1027.65	10533.1
1025.65	10471.8
1023.66	10445.6
1021.66	10374.3
1019.66	10283
1017.67	10299.4
1015.67	10170.7
1013.67	10045.8
1011.67	10157.3
1009.67	9982.53
1007.67	10127.7
1005.66	10050.4
1003.66	9935.78
1001.66	9975.95
999.653	9836.47
997.648	9844.23
995.642	9773.44
993.636	9853.48
991.628	9807.65
989.621	9885.12
987.612	9800.72
985.603	9822.14
983.593	9790.06
981.582	9648.58
979.571	9701.1
977.559	9818.19
975.546	9592.39
973.533	9739.23
971.518	9629.04
969.503	9584.68
967.488	9488.26
965.471	9615.09
963.454	9576.97
961.437	9655.35
959.418	9520.64
957.399	9556.88
955.379	9390.12
953.358	9368.23
951.337	9352.53
949.315	9328.19
947.292	9399.03
945.268	9351.21
943.244	9419.52
941.219	9347.03
939.193	9493.04
937.167	9408.24
935.14	9491.22
933.112	9226.48
931.083	9305.76
929.054	9277.81
927.024	9398.88
924.993	9309.36
922.962	9373.72
920.93	9355.62
918.897	9360.89
916.863	9299.77
914.829	9399.67
912.794	9477.39
910.758	9338.93
908.721	9463.26
906.684	9308.94
904.646	9228.33
902.607	9298.61
900.568	9199.67
898.527	9336.07
896.487	9382.95
894.445	9291.42
892.402	9324.82
890.359	9309.24
888.315	9393.97
886.271	9275.67
884.226	9283.35
882.179	9132.17
880.133	9243.71
878.085	9071.9
876.037	9179.71
873.988	9189.83
871.938	9274.35
869.888	9164.94
867.836	9367.63
865.785	9226.58
863.732	9337.75
861.678	9358.74
859.624	9433.26
857.569	9496.78
855.514	9543.23
853.457	9706.34
851.4	9693.12
849.342	9909.52
847.284	10045.6
845.224	10118.5
843.164	10284.7
841.103	10270.1
839.042	10453.1
836.979	10566.9
834.916	10492.8
832.853	10624.7
830.788	10754.1
828.723	10595.3
826.657	10696.7
824.59	10672.3
822.522	10871.5
820.454	10799.9
818.385	10866.1
816.315	10944.3
814.245	11068.3
812.173	11154.8
810.101	11090.5
808.028	11147.9
805.955	11189.7
803.881	11153.1
801.806	11106.9
799.73	11041.5
797.653	11245.7
795.576	11352.4
793.498	11241.2
791.419	11168.5
789.339	11283.5
787.259	11404.4
785.178	11296.9
783.096	11274.8
781.013	11114.6
778.93	11019.4
776.846	10761.1
774.761	10697.2
772.675	10465.5
770.589	10170.6
768.502	10068.6
766.414	9855.43
764.325	9607.66
762.236	9528.78
760.145	9544.44
758.054	9714.32
755.963	9446.64
753.87	9519.65
751.777	9509
749.683	9523.44
747.588	9730
745.492	9430.58
743.396	9510.6
741.299	9392.68
739.201	9557.27
737.102	9322.67
735.003	9540.74
732.903	9327.74
730.802	9377.87
728.7	9474.35
726.598	9374.56
724.494	9487.6
722.39	9402.14
720.286	9466.39
718.18	9525.84
716.074	9594.74
713.966	9527.14
711.859	9547.36
709.75	9571.12
707.64	9552.19
705.53	9535.65
703.419	9557.01
701.307	9624.52
699.195	9548.79
697.081	9545.27
694.967	9513.37
692.852	9643.44
690.737	9545.35
688.62	9572.54
686.503	9740.22
684.385	9644.56
682.266	9566.67
680.147	9547.8
678.026	9722.31
675.905	9788.25
673.783	9669.18
671.66	9693.87
669.537	9846.86
667.412	9687.87
665.287	9612.52
663.162	9846.51
661.035	9869.91
658.907	9831
656.779	9853.2
654.65	10021
652.52	9996.14
650.39	10091
648.258	10063.8
646.126	10157.4
643.993	10130.2
641.859	10333.8
639.725	10301.8
637.589	10413.9
635.453	10442.8
633.316	10600.4
631.179	10646.7
629.04	10715.2
626.901	10890
624.76	11171
622.62	11295.3
620.478	11354.1
618.335	11529.6
616.192	11802.9
614.048	12113.3
611.903	12291.8
609.757	12435.1
607.611	12507.4
605.463	12765.8
603.315	12844.8
601.166	12651.6
