1719.47	119.036
1717.71	18419.3
1715.94	18501.4
1714.18	18322.8
1712.41	18387.8
1710.64	18403.2
1708.88	18548.8
1707.11	18257.3
1705.34	18394.3
1703.57	18233.1
1701.8	18302.2
1700.03	18053.5
1698.26	18063.3
1696.49	17982.8
1694.72	18226.9
1692.95	17867
1691.18	18101.1
1689.4	17926.2
1687.63	18227.8
1685.85	17976.9
1684.08	18240.2
1682.3	17878.2
1680.53	18047.1
1678.75	18058.3
1676.98	17973.8
1675.2	17858.4
1673.42	17914.6
1671.64	18094.4
1669.86	17889.1
1668.08	17877.8
1666.3	17991.5
1664.52	17768.2
1662.74	17730.3
1660.96	17646.1
1659.17	17664.3
1657.39	17679.8
1655.61	17611.1
1653.82	17587.2
1652.04	17350.5
1650.25	17331
1648.47	17346.5
1646.68	17112.9
1644.89	17357.8
1643.1	17300.5
1641.32	17271.3
1639.53	17246.2
1637.74	17046.5
1635.95	17080.1
1634.16	17066.3
1632.37	16981.3
1630.57	16913.1
1628.78	16567.3
1626.99	16524.4
1625.19	16436.9
1623.4	16465.1
1621.61	16419.4
1619.81	16325
1618.01	16555
1616.22	16615.1
1614.42	16625.1
1612.62	16366.7
1610.83	16462.9
1609.03	16440.9
1607.23	16193.9
1605.43	16145.6
1603.63	16125.2
1601.83	16017.3
1600.02	16166.2
1598.22	16119.3
1596.42	15853.4
1594.62	15953.7
1592.81	15614.6
1591.01	15757.8
1589.2	15751.3
1587.4	15808.5
1585.59	15655.4
1583.78	15557.6
1581.98	15567.8
1580.17	15630.5
1578.36	15487.3
1576.55	15375.9
1574.74	15482.8
1572.93	15339.7
1571.12	15374.8
1569.31	15229
1567.5	15367.6
1565.68	15064.7
1563.87	15145.3
1562.06	15026
1560.24	15145.1
1558.43	15129.2
1556.61	15222.1
1554.8	15087.8
1552.98	15118.6
1551.16	14963.8
1549.34	14803.6
1547.52	15025.6
1545.71	14921.8
1543.89	15048.8
1542.07	14918.9
1540.24	14883.9
1538.42	14714.3
1536.6	14590.2
1534.78	14733.6
1532.95	14593
1531.13	14514.3
1529.31	14626
1527.48	14424
1525.66	14404.2
1523.83	14266.8
1522	14275.8
1520.17	14379.2
1518.35	14311.6
1516.52	14100.5
1514.69	14028.9
1512.86	14032.6
1511.03	13745.3
1509.2	13982.4
1507.37	13902.8
1505.53	13988.3
1503.7	13702.8
1501.87	13677.8
1500.03	13851.9
1498.2	13713.8
1496.36	13495.5
1494.53	13503.3
1492.69	13425.4
1490.85	13450.9
1489.02	13373
1487.18	13321.1
1485.34	13316.7
1483.5	13157.4
1481.66	13280.8
1479.82	13155.5
1477.98	12939.4
1476.14	12975.9
1474.29	13143.9
1472.45	12975.5
1470.61	13026.8
1468.76	12748.7
1466.92	12858.4
1465.07	12817.5
1463.23	12775.4
1461.38	12828.1
1459.53	12791.4
1457.68	12612.6
1455.84	12594.9
1453.99	12582.7
1452.14	12521.8
1450.29	12712.2
1448.43	12427.1
1446.58	12567.4
1444.73	12497.1
1442.88	12394.5
1441.02	12314.9
1439.17	12212.4
1437.32	12356.6
1435.46	12336.4
1433.6	12396.9
1431.75	12224.5
1429.89	12373.9
1428.03	12279.7
1426.18	12270.2
1424.32	12330.7
1422.46	12229.8
1420.6	12237.9
1418.74	12185.5
1416.87	12216.3
1415.01	12071.3
1413.15	12150.5
1411.29	12066
1409.42	12133.1
1407.56	11976.2
1405.69	12019.1
1403.83	12056.6
1401.96	12246.9
1400.09	11988.4
1398.23	12023.2
1396.36	12166.4
1394.49	12072.7
1392.62	12107.5
1390.75	12130.2
1388.88	11941.7
1387.01	12226.3
1385.13	12184.8
1383.26	12182.1
1381.39	12168.7
1379.51	12135.3
1377.64	12286
1375.77	12241.9
1373.89	12225.8
1372.01	12275
1370.14	12353.5
1368.26	12289.4
1366.38	12130.9
1364.5	12295.8
1362.62	12456.7
1360.74	12457.8
1358.86	12474.9
1356.98	12335.2
1355.1	12307.2
1353.21	12195.5
1351.33	12356
1349.45	12338.6
1347.56	12416.7
1345.68	12382
1343.79	12315.6
1341.91	12155.1
1340.02	12247.7
1338.13	12150.9
1336.24	12126.9
1334.35	11904.5
1332.46	12167.7
1330.57	12161
1328.68	12093.4
1326.79	11933.4
1324.9	12023.2
1323.01	12128.8
1321.11	11925.3
1319.22	12012.4
1317.32	11898.8
1315.43	11689.1
1313.53	11760.3
1311.64	11480.8
1309.74	11515.2
1307.84	11311.1
1305.94	11399.4
1304.04	11332.4
1302.14	11265.4
1300.24	11247.1
1298.34	11069.7
1296.44	11017.4
1294.54	11106.9
1292.63	10942.9
1290.73	11027.2
1288.83	10982.8
1286.92	10766.5
1285.02	10748.4
1283.11	10660.8
1281.2	10534
1279.29	10686.4
1277.39	10554.3
1275.48	10447.3
1273.57	10496.1
1271.66	10487.3
1269.75	10491.6
1267.84	10363.8
1265.92	10506.7
1264.01	10343.7
1262.1	10391.2
1260.18	10412.4
1258.27	10220.9
1256.35	10270.9
1254.44	10264.8
1252.52	10163.5
1250.6	10321.7
1248.69	10246.5
1246.77	10140.1
1244.85	10223.9
1242.93	10240
1241.01	10161
1239.09	10209.6
1237.16	10148.9
1235.24	10172.7
1233.32	10112
1231.39	10212.5
1229.47	10115.5
1227.54	10179.6
1225.62	10206
1223.69	10158.4
1221.77	10100.4
1219.84	10069.7
1217.91	10103.9
1215.98	10235.2
1214.05	10233
1212.12	10311.1
1210.19	10246.7
1208.26	10153.9
1206.32	10424.7
1204.39	10285.3
1202.46	10453.8
1200.52	10501.9
1198.59	10414.3
1196.65	10413.3
1194.72	10243.2
1192.78	10302.9
1190.84	10132.9
1188.9	10329.4
1186.96	10182.7
1185.02	10228.2
1183.08	10068.8
1181.14	10431.1
1179.2	10314.2
1177.26	10391.7
1175.31	10576
1173.37	10477.2
1171.43	10532.7
1169.48	10718.1
1167.54	10692.5
1165.59	10637.5
1163.64	10559.3
1161.69	10571.1
1159.75	10752.2
1157.8	10844.7
1155.85	10703.8
1153.9	10783.4
1151.95	10710.5
1149.99	10777.2
1148.04	10667.2
1146.09	10675.1
1144.13	10640.7
1142.18	10709.9
1140.22	10744.5
1138.27	10627.1
1136.31	10693.7
1134.36	10646.5
1132.4	10725.9
1130.44	10648.1
1128.48	10527
1126.52	10773.4
1124.56	10818.1
1122.6	10726.4
1120.64	10581.3
1118.67	10761
1116.71	10764.9
1114.75	10771.4
1112.78	10830
1110.82	10771.5
1108.85	10742.3
1106.88	10812.3
1104.92	10939.5
1102.95	10804.8
1100.98	10876
1099.01	11003
1097.04	10931.9
1095.07	11072.7
1093.1	10942
1091.12	11179.1
1089.15	11101.7
1087.18	11101.6
1085.2	11061
1083.23	11172.3
1081.25	11208.9
1079.28	11154.4
1077.3	11370.6
1075.32	11445
1073.34	11347.5
1071.36	11487.5
1069.38	11249.9
1067.4	11546.4
1065.42	11341.7
1063.44	11330.2
1061.46	11557
1059.48	11434.5
1057.49	11438
1055.51	11575.1
1053.52	11398.5
1051.54	11499
1049.55	11332.7
1047.56	11294.7
1045.57	11304.6
1043.58	11328.3
1041.59	11162.2
1039.6	11252.5
1037.61	11091.6
1035.62	11234.6
1033.63	11081.3
1031.64	10952
1029.64	10964.4
1027.65	10886.6
1025.65	10837.7
1023.66	10739.9
1021.66	10669.8
1019.66	10458.3
1017.67	10567.2
1015.67	10536
1013.67	10481
1011.67	10343.5
1009.67	10354.9
1007.67	10367.5
1005.66	10265.2
1003.66	10256.6
1001.66	10200.6
999.653	10122.1
997.648	10240.7
995.642	9992.82
993.636	10201.1
991.628	10044.3
989.621	10118
987.612	10054.6
985.603	10145.6
983.593	10157
981.582	10090
979.571	9952.17
977.559	9956.11
975.546	9958.79
973.533	9926.71
971.518	9916.99
969.503	9940.77
967.488	9922.37
965.471	9861.82
963.454	9902.94
961.437	9833.76
959.418	9935.55
957.399	9700.5
955.379	9723.05
953.358	9777.75
951.337	9660.49
949.315	9700.33
947.292	9700.59
945.268	9749.03
943.244	9867.83
941.219	9554.44
939.193	9753.44
937.167	9733.93
935.14	9633.04
933.112	9651.8
931.083	9615.09
929.054	9675.73
927.024	9520.8
924.993	9619.59
922.962	9525.09
920.93	9622.57
918.897	9588.39
916.863	9581.28
914.829	9549.6
912.794	9773.45
910.758	9584.53
908.721	9756.64
906.684	9690.57
904.646	9552.18
902.607	9578.19
900.568	9615.21
898.527	9736.76
896.487	9429.49
894.445	9595.1
892.402	9479.05
890.359	9605.36
888.315	9488.16
886.271	9559.34
884.226	9487.47
882.179	9526.83
880.133	9506.31
878.085	9462.61
876.037	9409.17
873.988	9382.61
871.938	9492.67
869.888	9378.31
867.836	9417.6
865.785	9335.02
863.732	9489.99
861.678	9637.54
859.624	9470.99
857.569	9760.78
855.514	9782.81
853.457	9747.68
851.4	10023.7
849.342	10188.9
847.284	10278.8
845.224	10344.3
843.164	10367.2
841.103	10535.7
839.042	10673.8
836.979	10699.1
834.916	10858.8
832.853	10921.5
830.788	11128.2
828.723	11102.4
826.657	11132.3
824.59	11213
822.522	11185.9
820.454	11416.4
818.385	11310.7
816.315	11270.4
814.245	11453.5
812.173	11461.4
810.101	11475.3
808.028	11419.3
805.955	11535.7
803.881	11515.9
801.806	11657.5
799.73	11618.3
797.653	11600.9
795.576	11634
793.498	11643
791.419	11736.2
789.339	11611.7
787.259	11744.5
785.178	11741.4
783.096	11665.1
781.013	11477.2
778.93	11368.6
776.846	11368
774.761	10955
772.675	10553.1
770.589	10556.4
768.502	10368.1
766.414	10003.9
764.325	9967.94
762.236	9886.53
760.145	10009.7
758.054	9737.03
755.963	9847.02
753.87	9721.56
751.777	9732.34
749.683	9784.89
747.588	9666.74
745.492	9641.73
743.396	9764.62
741.299	9724.09
739.201	9792.03
737.102	9630.01
735.003	9731.27
732.903	9678.9
730.802	9649.17
728.7	9642.07
726.598	9582.64
724.494	9568.43
722.39	9621.95
720.286	9510.33
718.18	9687.31
716.074	9696.81
713.966	9745.45
711.859	9741.87
709.75	9650.55
707.64	9754.85
705.53	9612.65
703.419	9673.07
701.307	9722.78
699.195	9598.49
697.081	9713.25
694.967	9916.61
692.852	9754.56
690.737	9846.67
688.62	9694.21
686.503	9871.29
684.385	9894.8
682.266	9845.13
680.147	9756.57
678.026	9866.15
675.905	9798.86
673.783	9758.72
671.66	9830.48
669.537	9932.8
667.412	9918.54
665.287	9984.27
663.162	9958.23
661.035	9959.25
658.907	10151.8
656.779	9991.81
654.65	10183
652.52	10158.1
650.39	10175.5
648.258	10388.7
646.126	10475.1
643.993	10393.9
641.859	10439.2
639.725	10615.7
637.589	10646.9
635.453	10591.4
633.316	10877.6
631.179	10884.1
629.04	11055.4
626.901	11239.4
624.76	11359.1
622.62	11562.7
620.478	11733.5
618.335	11795.6
616.192	12072.3
614.048	12210.1
611.903	12487.6
609.757	12763.7
607.611	12969.7
605.463	13054.5
603.315	13231.2
601.166	13144.8
