1719.47	127.538
1717.71	19930
1715.94	19572.4
1714.18	19591.7
1712.41	19510.5
1710.64	19529.8
1708.88	19469.9
1707.11	19444
1705.34	19644.3
1703.57	19223.9
1701.8	19592.3
1700.03	19418.1
1698.26	19200.1
1696.49	19302.7
1694.72	19127.3
1692.95	19153.7
1691.18	19314.1
1689.4	19399.6
1687.63	19262.4
1685.85	19453.6
1684.08	19354.5
1682.3	19492
1680.53	19224
1678.75	19181.3
1676.98	19183.6
1675.2	19347.7
1673.42	19099.8
1671.64	19121.8
1669.86	19027.2
1668.08	19098.4
1666.3	19142.9
1664.52	18849.1
1662.74	18883.8
1660.96	18957.8
1659.17	19006.4
1657.39	18819.5
1655.61	18691.6
1653.82	18603
1652.04	18753.9
1650.25	18529.5
1648.47	18589.4
1646.68	18267.3
1644.89	18439.1
1643.1	18416.4
1641.32	18462.3
1639.53	18290.1
1637.74	18206
1635.95	18217
1634.16	18286.5
1632.37	18036.4
1630.57	17997.2
1628.78	17723.6
1626.99	17750
1625.19	17683
1623.4	17564.5
1621.61	17741.3
1619.81	17551.8
1618.01	17468.3
1616.22	17738.2
1614.42	17610.1
1612.62	17771.3
1610.83	17657.2
1609.03	17494.5
1607.23	17306.8
1605.43	17449.9
1603.63	17194.4
1601.83	17000
1600.02	17158.3
1598.22	17003
1596.42	17022.5
1594.62	16814.6
1592.81	16871.5
1591.01	16952
1589.2	16669.6
1587.4	16705.7
1585.59	16905.2
1583.78	16614.7
1581.98	16707.5
1580.17	16608.1
1578.36	16611.1
1576.55	16437.1
1574.74	16583.8
1572.93	16524.5
1571.12	16116.1
1569.31	16328.9
1567.5	16325
1565.68	16179.1
1563.87	16096.6
1562.06	16116.2
1560.24	16109.6
1558.43	16231.1
1556.61	15989
1554.8	16094
1552.98	16326.8
1551.16	15895.1
1549.34	15913.3
1547.52	15978.3
1545.71	15834.3
1543.89	15989.9
1542.07	15869.3
1540.24	15700.8
1538.42	15725.9
1536.6	15561.6
1534.78	15660.8
1532.95	15526.8
1531.13	15395.6
1529.31	15423.5
1527.48	15578.7
1525.66	15565.5
1523.83	15370.1
1522	15254.3
1520.17	15175.4
1518.35	15389.3
1516.52	15253
1514.69	14925.5
1512.86	14868.7
1511.03	15033.2
1509.2	15002.3
1507.37	14982.4
1505.53	14903.9
1503.7	14860.8
1501.87	14764.6
1500.03	14710.7
1498.2	14814.9
1496.36	14657.4
1494.53	14679.9
1492.69	14726.8
1490.85	14766.9
1489.02	14487.2
1487.18	14437.6
1485.34	14659.9
1483.5	14509.7
1481.66	14472.3
1479.82	14443.1
1477.98	14381.3
1476.14	14232.7
1474.29	14200.9
1472.45	14369.9
1470.61	14254
1468.76	14104.2
1466.92	14227
1465.07	14275.1
1463.23	14472.2
1461.38	14573
1459.53	14621
1457.68	14694.7
1455.84	15009
1453.99	14932.4
1452.14	14759.9
1450.29	14625.3
1448.43	14263.9
1446.58	14287.6
1444.73	14089.8
1442.88	13935.4
1441.02	13742
1439.17	13653.8
1437.32	13554.9
1435.46	13693.3
1433.6	13481.3
1431.75	13483.6
1429.89	13409.1
1428.03	13427.6
1426.18	13372
1424.32	13300.3
1422.46	13332.2
1420.6	13080.5
1418.74	13150.1
1416.87	13094.7
1415.01	13195.1
1413.15	13024.3
1411.29	12987.7
1409.42	13141.7
1407.56	12814.2
1405.69	13002.9
1403.83	12955.7
1401.96	13088.1
1400.09	13027.5
1398.23	12936.1
1396.36	12978.7
1394.49	13002.4
1392.62	13040.9
1390.75	13111.4
1388.88	13009.5
1387.01	13011.8
1385.13	13051.6
1383.26	13126
1381.39	13004.2
1379.51	13075.9
1377.64	12928.8
1375.77	13024.5
1373.89	13136.1
1372.01	12931.8
1370.14	13127.3
1368.26	12995.1
1366.38	13114.5
1364.5	13059.6
1362.62	13265.4
1360.74	13250.3
1358.86	12958.8
1356.98	13107.2
1355.1	13081.6
1353.21	13090.5
1351.33	12884.3
1349.45	13015.4
1347.56	13094.6
1345.68	12893.9
1343.79	12946.6
1341.91	12856.1
1340.02	12915.4
1338.13	13007.7
1336.24	13028.5
1334.35	12832.2
1332.46	12854.4
1330.57	12668.9
1328.68	12664.6
1326.79	12727.7
1324.9	12608.5
1323.01	12584.5
1321.11	12681.9
1319.22	12653.9
1317.32	12594.2
1315.43	12502.9
1313.53	12391.9
1311.64	12370.6
1309.74	12204.3
1307.84	12167.3
1305.94	12067
1304.04	12080.1
1302.14	11854.9
1300.24	11720.7
1298.34	11937.6
1296.44	11874.5
1294.54	11802.1
1292.63	11857.2
1290.73	11737.7
1288.83	11745.5
1286.92	11649.7
1285.02	11527.7
1283.11	11665.4
1281.2	11846.3
1279.29	11778.1
1277.39	11633.9
1275.48	11542.2
1273.57	11573.6
1271.66	11523.9
1269.75	11331.6
1267.84	11318.6
1265.92	11204.9
1264.01	11159.3
1262.1	11092.8
1260.18	11140
1258.27	11046.1
1256.35	11157.2
1254.44	11037.3
1252.52	11000.9
1250.6	11083.2
1248.69	11009.1
1246.77	10993.6
1244.85	11096.6
1242.93	10967.9
1241.01	10978.4
1239.09	10857.6
1237.16	10857.8
1235.24	11017.9
1233.32	10846.5
1231.39	10979.2
1229.47	11098.9
1227.54	10976.9
1225.62	11116
1223.69	10925.3
1221.77	10989
1219.84	10899.7
1217.91	10868.7
1215.98	10865
1214.05	10913.1
1212.12	11132.1
1210.19	11097.3
1208.26	11049.5
1206.32	11005.6
1204.39	11091
1202.46	11038.1
1200.52	11158.4
1198.59	11149.4
1196.65	11011.3
1194.72	11042.3
1192.78	11064.4
1190.84	11079.9
1188.9	11001.3
1186.96	10894.4
1185.02	11050.5
1183.08	10813.5
1181.14	10921.8
1179.2	11207.7
1177.26	11221.9
1175.31	11296.5
1173.37	11284.9
1171.43	11351.8
1169.48	11453.2
1167.54	11436.4
1165.59	11567.4
1163.64	11324.6
1161.69	11559.4
1159.75	11510.5
1157.8	11409.1
1155.85	11520.5
1153.9	11496
1151.95	11670.2
1149.99	11454.8
1148.04	11603.2
1146.09	11647.8
1144.13	11638.7
1142.18	11746
1140.22	11625.5
1138.27	11602.3
1136.31	11692.9
1134.36	11677.3
1132.4	11697.6
1130.44	11802
1128.48	11718.8
1126.52	11742.8
1124.56	11746.4
1122.6	11795.9
1120.64	11828.7
1118.67	11915.1
1116.71	11811.6
1114.75	11820.2
1112.78	11701.6
1110.82	11852.7
1108.85	11912.2
1106.88	11948.7
1104.92	12174.6
1102.95	12111.9
1100.98	12277.9
1099.01	12424.7
1097.04	12628.4
1095.07	12593.6
1093.1	12700.8
1091.12	13127.4
1089.15	13399
1087.18	13469.1
1085.2	13458.1
1083.23	13359.7
1081.25	13241.2
1079.28	13454.1
1077.3	13035.9
1075.32	13090.8
1073.34	13121.6
1071.36	13223.1
1069.38	12940.7
1067.4	12989.2
1065.42	12954.4
1063.44	12957.4
1061.46	13074
1059.48	12982.4
1057.49	13276.5
1055.51	13232.8
1053.52	13559.4
1051.54	13856.7
1049.55	13838
1047.56	13921.2
1045.57	13928.9
1043.58	13945.4
1041.59	13524.6
1039.6	13366.6
1037.61	12908.6
1035.62	12715.8
1033.63	12583.3
1031.64	12468.5
1029.64	12235.9
1027.65	12176.5
1025.65	12049.4
1023.66	12010.1
1021.66	11672.8
1019.66	11613.6
1017.67	11624.5
1015.67	11635.5
1013.67	11418.8
1011.67	11403.5
1009.67	11345.8
1007.67	11265.6
1005.66	11187.9
1003.66	11184
1001.66	11239.9
999.653	11191.1
997.648	11083.6
995.642	10946.4
993.636	11077.1
991.628	11030.8
989.621	10939.7
987.612	10920.9
985.603	10872.3
983.593	10913.2
981.582	10987.7
979.571	10982.6
977.559	10889.2
975.546	10733.8
973.533	10881.5
971.518	10751.1
969.503	10752.2
967.488	10643
965.471	10566.1
963.454	10593.3
961.437	10670.1
959.418	10626.7
957.399	10645.2
955.379	10509
953.358	10611.6
951.337	10497.8
949.315	10642.4
947.292	10505.2
945.268	10600.3
943.244	10548.3
941.219	10486.6
939.193	10602.5
937.167	10405.1
935.14	10301.5
933.112	10528.3
931.083	10385.3
929.054	10632.9
927.024	10433.4
924.993	10636.5
922.962	10305.3
920.93	10487.4
918.897	10503.3
916.863	10487.3
914.829	10535.2
912.794	10562.1
910.758	10542.4
908.721	10623.3
906.684	10564.3
904.646	10603.4
902.607	10759.1
900.568	10613
898.527	10768.5
896.487	11055
894.445	11133.1
892.402	11484
890.359	11896
888.315	12540
886.271	13386.5
884.226	14314.3
882.179	15017.9
880.133	15824.7
878.085	15748.2
876.037	15558.3
873.988	14566.8
871.938	13849.3
869.888	12667.8
867.836	11950.2
865.785	11444
863.732	10997.8
861.678	11139.9
859.624	10933.9
857.569	10787.6
855.514	10809.3
853.457	10888
851.4	10806.3
849.342	10979.8
847.284	11056
845.224	11104.2
843.164	11071.1
841.103	11112
839.042	11270.5
836.979	11280.9
834.916	11338.7
832.853	11420.6
830.788	11466.1
828.723	11509.2
826.657	11687.7
824.59	11707.7
822.522	11607.9
820.454	11638.8
818.385	11621.3
816.315	11708.9
814.245	11746.9
812.173	11880.2
810.101	11894
808.028	11883.7
805.955	11875.7
803.881	11793.1
801.806	11835.8
799.73	11964
797.653	11820
795.576	11972.1
793.498	11966.6
791.419	11923.8
789.339	11962.7
787.259	12090.5
785.178	11925.2
783.096	11840.4
781.013	11753.2
778.93	11577.4
776.846	11426.8
774.761	11362.7
772.675	11020.5
770.589	10883.5
768.502	10492.7
766.414	10361.9
764.325	10255.2
762.236	10329.2
760.145	10257.3
758.054	10294.2
755.963	10176.9
753.87	10038.2
751.777	10088.2
749.683	10135.9
747.588	10195.4
745.492	10098.6
743.396	10227.3
741.299	10067.4
739.201	10191.2
737.102	10083.9
735.003	10182.6
732.903	10083.6
730.802	10231.1
728.7	9992.97
726.598	10044
724.494	10037.9
722.39	10155.4
720.286	9996.12
718.18	10244.2
716.074	10098
713.966	10086
711.859	10071.6
709.75	10149.7
707.64	10073.7
705.53	10109
703.419	10153.9
701.307	9992.69
699.195	10154.7
697.081	10161.6
694.967	9998.21
692.852	10050.1
690.737	10152.7
688.62	10127.7
686.503	10035.4
684.385	10058.9
682.266	10123.6
680.147	10115.1
678.026	10017.1
675.905	10144.2
673.783	10160.5
671.66	10027.2
669.537	10109.4
667.412	10142.1
665.287	10281.9
663.162	10240.5
661.035	10290.8
658.907	10290.5
656.779	10274.9
654.65	10427.3
652.52	10404.6
650.39	10396.1
648.258	10520.1
646.126	10534.9
643.993	10565
641.859	10620.8
639.725	10752.7
637.589	10739.4
635.453	10889.9
633.316	10973.6
631.179	11020.9
629.04	11058.9
626.901	11304.9
624.76	11620.7
622.62	11654.9
620.478	11896.9
618.335	12004.5
616.192	12187.8
614.048	12336
611.903	12711.4
609.757	12711.3
607.611	12845.1
605.463	12932.3
603.315	13105.5
601.166	13140.2
